           1           2   1.0199681304479107     
           2           3  0.93287354373502096     
           3           4   1.1404221008916438     
           3           5  0.17377570905112585     
           4           5   1.7505154424138889     
           4           6  0.97340822769881108     
           6           7   1.0039060197891001     
           7           8  0.98618295932865252     
           8           9  0.99697501933147392     
           1          10  0.98506634907277291     
           1          11  0.98506633776370878     
           1          12  0.98325543572394947     
           2          13  0.96921797386734754     
           2          14  0.96921797033254098     
           6          15  0.95192916988802345     
           6          16  0.95192897747716931     
           7          17  0.96669450084455266     
           7          18  0.96669448850498541     
           9          19  0.97997359247388194     
           9          20  0.97690078893500853     
           9          21  0.97690078441837302     
