           1           2   1.0085826224042367     
           2           3  0.99504539858718744     
           3           4   1.0187757756528850     
           4           5   1.9182790481599095     
           2           6  0.99551411272882784     
           6           7   1.0072568973835969     
           7           8   1.0067504304604538     
           8           9  0.98039078570864857     
           9          10  0.99040020846693333     
           9          11  0.98890639879595377     
           9          12  0.97417656352083348     
           1          13  0.98696046167618368     
           1          14  0.98622868134467434     
           1          15  0.98511590978982799     
           2          16  0.96496193266801344     
           3          17  0.92854603993671114     
           3          18  0.94868439645116620     
           4          19  0.93045831846342175     
           6          20  0.97495201798850428     
           6          21  0.97652047371853534     
           7          22  0.97584695093241269     
           7          23  0.97056270405896417     
           8          24  0.97402214052721559     
           8          25  0.97693295587584994     
          10          26  0.98354510134569750     
          10          27  0.98574726781921584     
          10          28  0.98490228100278765     
          11          29  0.98590804925025233     
          11          30  0.98452389406712881     
          11          31  0.98549957230261886     
          12          32  0.90144872163358369     
