           1           2  0.97269369875675005     
           2           3   1.0971309841104973     
           3           4   1.3523500014736682     
           4           5   1.4743817086962341     
           5           6   1.3583295001798870     
           6           7   1.0815583832999518     
           7           8   1.8427519809731516     
           6           9   1.3440107672179835     
           3          10   1.2700267551120970     
           9          10   1.4229563917318824     
          10          11   1.0489418190322115     
          11          12  0.98161637028877402     
           1          13  0.97683530610788649     
           1          14  0.97638037911504894     
           1          15  0.97910568343106197     
           4          16  0.96556877705707023     
           5          17  0.96657407989157929     
           7          18  0.93138101799916351     
           9          19  0.95834183373233550     
          12          20  0.97885903312216316     
          12          21  0.97600300489958891     
          12          22  0.97597445519220138     
