   -0.10506149
   -0.05535915
   -0.06673227
    0.08671372
   -0.31967064
    0.08360592
    0.07216183
   -0.25377748
    0.33966397
   -0.41926875
    0.12086733
   -0.44356241
   -0.06638412
   -0.06196485
   -0.06028178
   -0.06889094
    0.03874031
    0.03818201
    0.03831690
    0.03335096
    0.03240396
    0.05201209
    0.05035392
    0.02102975
    0.01807193
    0.04043875
    0.02790281
    0.07734223
    0.07144533
    0.31077202
    0.03045899
    0.06626640
    0.04128771
    0.04312011
    0.03904251
    0.04736288
    0.03956708
    0.06047243
