           1           2   1.0194332615486648     
           2           3   1.0073999271607659     
           3           4   1.0015831257027930     
           4           5  0.97320785632673601     
           5           6  0.99285845105030901     
           6           7  0.98951681336732855     
           7           8  0.94288756117204553     
           8           9   1.1489078141118085     
           8          10  0.16677744248993798     
           9          10   1.7268341615844156     
           9          11  0.94140497148058244     
          11          12   1.0056733056929921     
          11          13  0.94662390869700830     
          13          14   1.0087037793579259     
          14          15   1.0073874895786479     
          11          16  0.95194582021757213     
          15          16   1.0064724580671296     
           1          17  0.98766758827735590     
           1          18  0.98771382002398378     
           1          19  0.98709950302387328     
           2          20  0.97819231775257565     
           2          21  0.97830570019358143     
           3          22  0.97534586715228655     
           3          23  0.97563976618021864     
           4          24  0.96759823991727734     
           4          25  0.96831875672263124     
           6          26  0.96534828234294756     
           6          27  0.96582191862086386     
           7          28  0.96895904289833512     
           7          29  0.96695117552810461     
          12          30  0.86617987677612585     
          13          31  0.97895500286498827     
          13          32  0.97271078037042114     
          14          33  0.97721030000946629     
          14          34  0.97816805723200073     
          15          35  0.97870065104874315     
          15          36  0.97920787415377619     
          16          37  0.97864587767046796     
          16          38  0.97629105707211461     
