           1           2  0.98515203204281943     
           2           3   1.7670196247809504     
           2           4   1.1065259659279012     
           3           4  0.16608193297427792     
           4           5  0.96485917614813999     
           5           6   1.4093450885968932     
           6           7   1.4320445493307574     
           5           8  0.10161618838844755     
           7           8   1.4434538540607680     
           6           9  0.10685099308587560     
           8           9   1.4348095436625115     
           5          10   1.3542665185975373     
           7          10  0.10745823732223714     
           9          10   1.4225928089869790     
          10          11   1.0282235028609030     
           1          12  0.95687642839952058     
           1          13  0.97983266096252408     
           1          14  0.97515413591289446     
           6          15  0.96674299112162587     
           7          16  0.97040528779900703     
           8          17  0.97054578081125376     
           9          18  0.96805601922131190     
          11          19  0.98547949653930866     
          11          20  0.97000316489130678     
          11          21  0.97086872342325470     
