   -0.11340217
    0.04036031
   -0.11371992
   -0.02345700
   -0.05364523
    0.14744656
   -0.13102769
   -0.12562050
   -0.05876365
    0.35687991
   -0.41870207
   -0.26637190
    0.07969207
    0.00697457
   -0.04673961
   -0.02752165
   -0.05357832
    0.14634489
   -0.25677227
    0.14201544
   -0.05087166
   -0.02901914
   -0.03824214
   -0.02949153
   -0.05343257
   -0.05879093
    0.05040635
    0.04831486
    0.05463627
    0.05138237
    0.05336956
    0.04751127
    0.07219452
    0.08066697
    0.06693134
    0.05502197
    0.06120747
    0.04034152
    0.04569946
    0.05391807
    0.04873123
    0.03883583
    0.03456648
    0.04045730
    0.04011685
    0.04514650
