           1           2   1.0104966679926832     
           2           3   1.0088192956767450     
           2           4  0.92526698971310384     
           4           5   1.0681192961313402     
           5           6   1.7741444821828387     
           6           7  0.99324817188338355     
           6           8  0.99439120346464716     
           2           9  0.90750116044756723     
           4           9  0.88097915173838182     
           9          10   1.0086404983243429     
          10          11   1.7253096540543509     
          10          12   1.1196165785414842     
          11          12  0.16744619423246690     
          12          13  0.93620737241835372     
          13          14   1.0025722332720599     
          14          15   1.4119211321828438     
          15          16   1.4321611360855959     
          14          17  0.10440957187633783     
          16          17   1.4549518272152384     
          17          18   1.3643987108763813     
          18          19   1.0352090630534725     
          19          20   1.0142526964586078     
          20          21   1.3785846624265403     
          21          22   1.4494092638998390     
          20          23  0.10051854832391541     
          22          23   1.4355256956877267     
          21          24  0.10824496469112352     
          23          24   1.4342416908919695     
          20          25   1.3780184594404128     
          22          25  0.10868269979788413     
          24          25   1.4491276968848745     
          14          26   1.4206063139560492     
          16          26  0.10533694473257896     
          18          26   1.3780732705836116     
           1          27  0.97865224595930655     
           1          28  0.97963340579120262     
           1          29  0.97537650268409293     
           3          30  0.97903410219972697     
           3          31  0.98027237195041139     
           3          32  0.98134266330958808     
           4          33  0.95697812557884421     
           5          34  0.94798205431355642     
           9          35  0.96314335328421052     
          13          36  0.95447303612577616     
          13          37  0.96471821840174621     
          15          38  0.96891016750652104     
          16          39  0.96986067267067300     
          17          40  0.96798515481477565     
          21          41  0.96839672283984313     
          22          42  0.97062865492208705     
          23          43  0.97126950741320828     
          24          44  0.96931756348529641     
          25          45  0.96563768083834089     
          26          46  0.95995081686551265     
