           1           2   1.6641551738186646     
           2           3  0.95281879615077658     
           3           4   1.4059351027522728     
           4           5   1.4436187244399048     
           3           6  0.11097701236103674     
           5           6   1.4387041056341228     
           4           7  0.11203825428633787     
           6           7   1.4395205163824678     
           3           8   1.4077102378394060     
           5           8  0.11204648004467355     
           7           8   1.4429487990909087     
           1           9  0.20013512269147749     
           2           9   1.2483933219637862     
           9          10  0.99451252092683506     
          10          11  0.99579880497415019     
          11          12   1.0090172112719085     
          12          13   1.0088130030292080     
           9          14  0.98415108998771439     
          13          14  0.99832623696946365     
           4          15  0.97019550295800516     
           5          16  0.97043574376421982     
           6          17  0.97129379337308674     
           7          18  0.97037776398148823     
           8          19  0.97040845966431333     
          10          20  0.96608722980690920     
          10          21  0.96633771363318188     
          11          22  0.97591325161350384     
          11          23  0.97690978240278270     
          12          24  0.97707256286044541     
          12          25  0.97672871869372280     
          13          26  0.97546913946636482     
          13          27  0.97712654747133076     
          14          28  0.96775906897779762     
          14          29  0.96533490570909330     
