           1           2   1.0189696048053529     
           2           3  0.99215416063266704     
           3           4  0.99525354109158526     
           4           5  0.98236579842491001     
           5           6  0.99601102161843702     
           6           7   1.0186525959495834     
           4           8   1.2345592912689263     
           4           9  0.19053716687601291     
           8           9   1.6775491351344503     
           8          10  0.96579551345140091     
          10          11   1.0196030839648600     
           1          12  0.98745513897331216     
           1          13  0.98746870517751961     
           1          14  0.98641884249932832     
           2          15  0.97560011678973335     
           2          16  0.97652953266270748     
           3          17  0.96920003450972070     
           3          18  0.96664078294971256     
           5          19  0.97097570176749937     
           5          20  0.96539118826058712     
           6          21  0.97682919248981337     
           6          22  0.97754983365015879     
           7          23  0.98738410572669555     
           7          24  0.98772162428950916     
           7          25  0.98676599796758757     
          10          26  0.96356374717207760     
          10          27  0.95841546995078564     
          11          28  0.98722667475608805     
          11          29  0.98777696761722789     
          11          30  0.98623895510753723     
