   -0.15147458
    0.14036941
   -0.07300299
   -0.02058471
   -0.06126471
   -0.06929432
    0.11409214
   -0.12431659
   -0.20966441
    0.36248589
   -0.38318420
   -0.09350061
   -0.05953083
    0.03122381
   -0.21150299
   -0.03003985
   -0.05010033
   -0.05704168
   -0.06064589
   -0.05226031
   -0.10245568
   -0.27989231
    0.08153330
   -0.07056906
    0.00564196
   -0.10795015
   -0.06000390
   -0.05225014
   -0.05868205
    0.00768424
   -0.10689962
   -0.10929010
    0.03521106
    0.03098729
    0.04464693
    0.05475249
    0.03993728
    0.05477910
    0.03408377
    0.07083713
    0.06459504
    0.07328327
    0.07826597
    0.05903547
    0.06957175
    0.06765664
    0.06216197
    0.05212645
    0.04178123
    0.03308103
    0.02906667
    0.03164591
    0.02852960
    0.04015198
    0.02978050
    0.02670814
    0.03238065
    0.03648348
    0.03263695
    0.05070693
    0.03357728
    0.03903397
    0.03957206
    0.04502037
    0.04291804
    0.03640511
    0.03932513
    0.03334426
    0.03403339
    0.02175226
    0.04101394
    0.04056418
    0.04016724
    0.03602650
    0.04314143
    0.04159143
