           1           2   1.8338470032918130     
           2           3  0.99666090773932836     
           3           4  0.98192281005584281     
           4           5  0.99577475503456625     
           5           6   1.0043276540217132     
           6           7   1.0089399991611614     
           7           8   1.8222076409556733     
           8           9  0.94856930408187601     
           9          10   1.1136374500741262     
           9          11  0.16607941627058739     
          10          11   1.7819014617747955     
          10          12  0.95652036398651297     
          12          13   1.0037381805563237     
          13          14   1.0187662700846409     
          14          15  0.94418504812996373     
           4          16  0.98210011350432458     
           7          16  0.99035637382711039     
          16          17  0.96888715995759145     
          17          18   1.0056972937155768     
          18          19   1.0058243663211943     
          19          20   1.0074422245386474     
          20          21   1.0191231060224302     
           1          22  0.12429895122788814     
           2          22   1.0571492074716624     
          22          23  0.96930945268240853     
          23          24   1.0109223883926204     
          24          25   1.8784003281108694     
          25          26   1.0231292383663835     
          25          27   1.0143835841750279     
          27          28  0.96870010801803952     
          28          29   1.0224269844360017     
          29          30   1.8852354587174658     
          30          31   1.0241832624132996     
          30          32   1.0224014416739271     
           1          33  0.97152779056044469     
           1          34  0.97693269681188510     
           3          35  0.97005673323350794     
           3          36  0.97181292059997881     
           4          37  0.96636582719382691     
           5          38  0.97371678662208261     
           5          39  0.97902146426393599     
           6          40  0.94803724963123526     
           6          41  0.96134690086091668     
          12          42  0.94952400034475326     
          12          43  0.96562580423643762     
          13          44  0.97430202478782368     
          13          45  0.96432214319441678     
          14          46  0.97738653655849161     
          14          47  0.97923568468783584     
          16          48  0.94920307807046067     
          17          49  0.97368189309308051     
          17          50  0.97661336726443837     
          18          51  0.97498182551133006     
          18          52  0.97679055441221174     
          19          53  0.97762549195987125     
          19          54  0.97497202718518938     
          20          55  0.97856840818338764     
          20          56  0.97881932647267589     
          21          57  0.98752971876192985     
          21          58  0.98778285078201977     
          21          59  0.98806434239684859     
          23          60  0.95308490575704741     
          23          61  0.95543866412409928     
          24          62  0.96291410654142029     
          26          63  0.97063352436286132     
          26          64  0.98538218557047186     
          26          65  0.97199181975635973     
          27          66  0.96743111522128067     
          27          67  0.97500877561788835     
          28          68  0.96644391979191968     
          28          69  0.97664053287062758     
          29          70  0.96639284602629982     
          31          71  0.96939912903173819     
          31          72  0.97970552368128683     
          31          73  0.97726571783312077     
          32          74  0.98531980473388692     
          32          75  0.97381342489354383     
          32          76  0.97281432415400115     
