   -0.10173432
   -0.04910269
   -0.06433642
    0.07249034
   -0.06991355
   -0.01050949
    0.35023428
   -0.43132246
   -0.26549537
    0.08678014
   -0.06775176
    0.01287430
   -0.11061875
   -0.06205794
   -0.05149291
   -0.05789144
    0.00811818
   -0.10640502
   -0.10560988
    0.09819085
    0.06028278
   -0.03269029
   -0.02596125
   -0.02888274
   -0.02346830
   -0.02733454
   -0.22871111
    0.03868474
    0.03625440
    0.03260525
    0.03207715
    0.03253331
    0.03889284
    0.05416290
    0.04294353
    0.05207720
    0.05135547
    0.04836304
    0.04601758
    0.04771123
    0.04524151
    0.03818836
    0.04127230
    0.03405090
    0.03431368
    0.02409445
    0.04024912
    0.04100784
    0.03977097
    0.03472357
    0.04261641
    0.04002118
    0.05660924
    0.04117238
    0.03922352
    0.04217260
    0.04391270
