           1           2   1.0212666290143806     
           2           3  0.98954338215335691     
           3           4   1.0168257028869210     
           4           5   1.3554344733240047     
           5           6   1.4348603801416286     
           6           7   1.0242606969958326     
           7           8   1.6981510811325990     
           7           9   1.1250880358042152     
           8           9  0.17045731911283665     
           9          10  0.93276317385999741     
          10          11   1.0183123229734665     
          11          12   1.8789750889982264     
          12          13   1.0234933702606717     
          12          14   1.0140764088718957     
          14          15  0.96756551288961679     
          15          16   1.0219934041076453     
          16          17   1.8855594585550075     
          17          18   1.0241164765859370     
          17          19   1.0222703056503404     
           6          20   1.2130879220865289     
          20          21   1.0226036346867031     
          21          22   1.3847976581768551     
          22          23   1.4489826705515916     
          21          24  0.10226544404356071     
          23          24   1.4355458083193686     
          22          25  0.10906344328115558     
          24          25   1.4357661336550789     
          21          26   1.3864393901332726     
          23          26  0.10935214864074701     
          25          26   1.4476750463647265     
           4          27   1.4600674376723506     
           6          27  0.13525804951204201     
          20          27   1.2134446528023304     
           1          28  0.98737474075028586     
           1          29  0.98682644283281207     
           1          30  0.98733833143325800     
           2          31  0.97805500840554427     
           2          32  0.97863566912854316     
           3          33  0.96666063800801494     
           3          34  0.97342103411560510     
           5          35  0.97142771583456489     
          10          36  0.95152167924985842     
          10          37  0.95993874247485722     
          11          38  0.96151777495842317     
          13          39  0.97036034482726174     
          13          40  0.98482804312443550     
          13          41  0.97162029774577552     
          14          42  0.96939401767703470     
          14          43  0.97439973333688268     
          15          44  0.97757030869000761     
          15          45  0.96604242311099353     
          16          46  0.96645257274881557     
          18          47  0.97974002285281536     
          18          48  0.96897136973125741     
          18          49  0.97793633773050603     
          19          50  0.98500745056386274     
          19          51  0.97320657562735224     
          19          52  0.97331642090251558     
          22          53  0.96663948073946182     
          23          54  0.97018477240338197     
          24          55  0.97099023349116953     
          25          56  0.97019047141411430     
          26          57  0.96799909968218345     
