           1           2  0.97850837482915343     
           2           3  0.98745193349116911     
           3           4   1.0093899186860820     
           4           5   1.0070379744803863     
           5           6   1.0113636915689368     
           6           7   1.4044506748158574     
           7           8   1.4544566821666449     
           6           9  0.10653598026936055     
           8           9   1.4259619147545139     
           7          10  0.11115175305014147     
           9          10   1.4530862686178401     
           2          11  0.98318903720392103     
           6          11   1.3991898879393647     
           8          11  0.10747088329409568     
          10          11   1.4095770191744259     
           1          12  0.89977493982963774     
           2          13  0.95758946253492416     
           3          14  0.97646253451247522     
           3          15  0.97540317156557110     
           4          16  0.97482477086691599     
           4          17  0.97724533155532944     
           5          18  0.95840675343733461     
           5          19  0.96984410016724332     
           7          20  0.96943298224377195     
           8          21  0.97113001759108497     
           9          22  0.97102075154806933     
          10          23  0.96873506507203155     
