           1           2   1.0191581169362212     
           2           3   1.0077336103974395     
           3           4   1.0070602892001361     
           4           5   1.0067652661123474     
           5           6   1.0084265516297177     
           6           7  0.98493334068284444     
           7           8  0.97165822060468621     
           8           9   1.7610294832155482     
           8          10   1.1252417354334232     
           9          10  0.17144853181523598     
          10          11  0.95965617919961577     
           1          12  0.98795182436531848     
           1          13  0.98749676236197392     
           1          14  0.98795797842521693     
           2          15  0.97858317595976629     
           2          16  0.97866235524155953     
           3          17  0.97731051204950892     
           3          18  0.97743184766163638     
           4          19  0.97714822534065116     
           4          20  0.97755475934043123     
           5          21  0.97637888162745678     
           5          22  0.97637663878482628     
           6          23  0.97547845250967846     
           6          24  0.97670037236251528     
           7          25  0.97364865489223962     
           7          26  0.96181650685843056     
          11          27  0.97741485886961321     
          11          28  0.97727115218768146     
          11          29  0.98205870296435904     
