           1           2   1.0009121762928463     
           2           3   1.0065508932659784     
           2           4  0.92479017738415270     
           4           5   1.1199660789411330     
           4           6  0.16927607999090663     
           5           6   1.7017301886676020     
           5           7   1.0327980631618945     
           7           8   1.7804962042588932     
           8           9   1.1140560319208432     
           9          10   1.3654763065144528     
          10          11   1.4598746223369821     
          11          12   1.4306064594032124     
          10          13  0.10346309783071564     
          12          13   1.4256664746823540     
           9          14   1.3630837591180232     
          11          14  0.10484990766727673     
          13          14   1.4650626882874729     
           1          15  0.98470905862163183     
           1          16  0.98564799943925585     
           1          17  0.98418872450484229     
           2          18  0.95991171409761389     
           3          19  0.98466639107232590     
           3          20  0.98415969922997681     
           3          21  0.98532017571894204     
           7          22  0.96173807474224604     
           8          23  0.95702064968566780     
          10          24  0.96834261457762572     
          11          25  0.97050660880522110     
          12          26  0.97133534184842929     
          13          27  0.97057841384760546     
          14          28  0.96631236829107547     
