           1           2   1.0190896961926710     
           2           3   1.0077316477764831     
           3           4   1.0070478684248259     
           4           5   1.0067630057883463     
           5           6   1.0068605910506514     
           6           7   1.0065767254384494     
           7           8   1.0083331965752300     
           8           9   1.0068665373886061     
           9          10   1.0051210831518473     
          10          11  0.99396298947191553     
           1          12  0.98801542222284489     
           1          13  0.98755548839701079     
           1          14  0.98801738377531889     
           2          15  0.97859646458931493     
           2          16  0.97869500505626839     
           3          17  0.97755946026663554     
           3          18  0.97749808970027341     
           4          19  0.97756780622296113     
           4          20  0.97751539125454889     
           5          21  0.97755663705773044     
           5          22  0.97756025622611054     
           6          23  0.97750085539250187     
           6          24  0.97737090451518904     
           7          25  0.97520600652349820     
           7          26  0.97717211490238309     
           8          27  0.97529367783766430     
           8          28  0.97719421525930916     
           9          29  0.97603095033183895     
           9          30  0.97577663725656660     
          10          31  0.97162557548402351     
          10          32  0.96918487993654800     
          11          33  0.90676946645882051     
