           1           2   1.0039580533378489     
           2           3   1.4044216324251100     
           3           4   1.4402968586613434     
           4           5   1.4295591539821284     
           3           6  0.10674154760167789     
           5           6   1.4402968596307963     
           2           7   1.3718112940996399     
           6           7   1.4044216296489931     
           7           8   1.0039580534496622     
           3           9  0.96541137549219358     
           4          10  0.96791510157670579     
           5          11  0.96791510035573114     
           6          12  0.96541137510476749     
