           1           2   1.0248120510385341     
           2           3   1.0227110101842845     
           2           4   1.8797665299243727     
           4           5   1.0217386275530664     
           5           6  0.95505737301350035     
           6           7   1.0283538547775184     
           7           8   1.0319986629904074     
           7           9   1.7532297969725041     
           9          10   1.1098106439879660     
          10          11   1.8355755744911859     
           1          12  0.97491864318932508     
           1          13  0.97954327367021354     
           1          14  0.96998101385088176     
           3          15  0.97300728983014950     
           3          16  0.98513739747493112     
           3          17  0.97243770954159392     
           4          18  0.96530175671475016     
           5          19  0.97465121138300792     
           5          20  0.96832407314982061     
           6          21  0.97358164744318187     
           6          22  0.96397013782142071     
           8          23  0.98349528036993250     
           8          24  0.96653943166649536     
           8          25  0.96336080892529841     
           9          26  0.96011291241328423     
          10          27  0.93031192698597809     
