           1           2  0.97498534305226203     
           2           3   1.0476187949259694     
           3           4   1.8413383474982175     
           3           5   1.0477748059760412     
           5           6  0.97494755495886121     
           1           7  0.97768055767012008     
           1           8  0.97815346393249558     
           1           9  0.96883005603100858     
           6          10  0.97769027577231715     
           6          11  0.97811819624049245     
           6          12  0.96881828546634607     
