           1           2  0.98212686128928861     
           2           3  0.99094265825169037     
           2           4  0.98862725110250804     
           2           5  0.96166408739026255     
           5           6  0.93258990794226027     
           5           7  0.96050943574430203     
           6           7  0.91503203445156311     
           7           8   1.0000726539240106     
           7           9   1.0037569975987637     
           1          10  0.98553736529619684     
           1          11  0.98612659288036397     
           1          12  0.98427466895621185     
           3          13  0.98327345358597262     
           3          14  0.98322216589494671     
           3          15  0.98632180609589148     
           4          16  0.87924001987598444     
           5          17  0.96231272869825146     
           8          18  0.98095578509289771     
           8          19  0.98253256316591375     
           8          20  0.98458856948130857     
           9          21  0.98150137515540792     
           9          22  0.97359887352155261     
           9          23  0.97957816394024999     
