   -0.40924898
    0.34464677
   -0.28060934
    0.11682934
   -0.06457110
   -0.05959736
   -0.06113538
   -0.05995290
   -0.06285939
    0.12223546
   -0.44754435
   -0.06020043
   -0.06577578
   -0.05921648
   -0.05889211
   -0.06555441
    0.04831179
    0.04772625
    0.03920520
    0.03809203
    0.03710603
    0.03590332
    0.03796642
    0.03867063
    0.03841269
    0.04356266
    0.04566797
    0.29940856
    0.05617571
    0.04395857
    0.05940671
    0.03590036
    0.03544860
    0.03467039
    0.03392906
    0.04099401
    0.02668742
    0.05424206
