           1           2   1.7521020384967183     
           1           3  0.17327253243795770     
           2           3   1.1373448148563585     
           3           4  0.91260599388902186     
           4           5  0.99451519550120004     
           5           6   1.0058925837658526     
           6           7   1.0092653619069709     
           7           8   1.0092597992025676     
           4           9  0.98938972054189989     
           8           9   1.0062222219470109     
           2          10  0.92917818514207440     
          10          11  0.98522682000776496     
          10          12  0.97625161821249551     
          12          13   1.0083144030992914     
          13          14   1.0096816933065242     
          14          15   1.0089779087274480     
          10          16  0.94973462364894290     
          15          16   1.0093271522392682     
           4          17  0.95919300095489191     
           5          18  0.97478076833396043     
           5          19  0.97619580313822707     
           6          20  0.97689062647754055     
           6          21  0.97724351301608015     
           7          22  0.97693453323080448     
           7          23  0.97715403439027626     
           8          24  0.97659669398817528     
           8          25  0.97710584102810771     
           9          26  0.97550279385579064     
           9          27  0.97518883471580664     
          11          28  0.88550589088848930     
          12          29  0.97215915333051306     
          12          30  0.97557563692887672     
          13          31  0.97233057473109463     
          13          32  0.97619408210349246     
          14          33  0.97692572543991885     
          14          34  0.97717306276687155     
          15          35  0.97610102586611636     
          15          36  0.97593908379822547     
          16          37  0.97650279403399753     
          16          38  0.97052820324250877     
