           1           2   1.0089465955472359     
           2           3   1.0089465950113776     
           3           4   1.0089465954508621     
           4           5   1.0089465954609527     
           1           6   1.0089465954365688     
           5           6   1.0089465950829308     
           1           7  0.97802271893970916     
           1           8  0.97769570910021619     
           2           9  0.97802271915120231     
           2          10  0.97769570922066318     
           3          11  0.97769570929912009     
           3          12  0.97802271915795891     
           4          13  0.97769570920770543     
           4          14  0.97802271894270243     
           5          15  0.97769570923976401     
           5          16  0.97802271913565164     
           6          17  0.97769570920622684     
           6          18  0.97802271918162709     
