           1           2   1.9287543626097623     
           2           3   1.0238607091866310     
           3           4   1.0067557859902985     
           4           5   1.0089579420331438     
           1           6   1.0238616103293712     
           5           6   1.0067556255316048     
           1           7  0.96804296893566166     
           2           8  0.96804321270801408     
           3           9  0.95922554097876755     
           3          10  0.96829069271513246     
           4          11  0.97855226287106056     
           4          12  0.97870591578621768     
           5          13  0.97870593501421288     
           5          14  0.97855223892281229     
           6          15  0.95922514955262250     
           6          16  0.96829042624737338     
