   -0.10331613
   -0.05369166
   -0.07345615
    0.10350031
   -0.45459979
   -0.00736898
   -0.11626543
   -0.10695257
    0.10203517
   -0.45883035
   -0.02516419
   -0.10837102
   -0.10769143
    0.03343194
    0.03255360
    0.03501957
    0.03001806
    0.04114727
    0.03175128
    0.03851121
    0.04045304
    0.29351308
    0.03837646
    0.04026115
    0.04089615
    0.04707023
    0.02913706
    0.04232338
    0.03552151
    0.30467551
    0.03442746
    0.03976010
    0.02898245
    0.03610640
    0.05243676
    0.03024205
    0.03355650
