           1           2   1.0191378279710421     
           2           3   1.0068186045852507     
           3           4  0.98975302634756379     
           4           5  0.98097082386906687     
           4           6  0.96200317297808491     
           6           7  0.99917787268941027     
           6           8  0.99855082102938608     
           6           9  0.95457068132716849     
           9          10  0.99913478546793466     
           9          11  0.97324143220839099     
          11          12   1.0095860612372891     
          11          13   1.0067913595141955     
           1          14  0.98790819916650885     
           1          15  0.98788630882086104     
           1          16  0.98724795324096992     
           2          17  0.97841226345645582     
           2          18  0.97677089192961097     
           3          19  0.97149157299199773     
           3          20  0.97306777207013406     
           4          21  0.95716405959158646     
           5          22  0.89252843647675040     
           7          23  0.98008145164942695     
           7          24  0.98272608435537234     
           7          25  0.98333851676738104     
           8          26  0.98002292728238005     
           8          27  0.98258012147461093     
           8          28  0.98450025928494544     
           9          29  0.96130548564074469     
          10          30  0.86910740174128864     
          11          31  0.96540921858481088     
          12          32  0.98428492178341576     
          12          33  0.98037965324230369     
          12          34  0.98631370893417936     
          13          35  0.98292197165126771     
          13          36  0.98683315943577998     
          13          37  0.98711420463433697     
