           1           2  0.95372553104319446     
           2           3   1.1183918019880270     
           2           4  0.17058435928512949     
           3           4   1.7260121597278033     
           3           5   1.0012168426946069     
           5           6   1.3872732639383842     
           6           7   1.4539750006559842     
           5           8  0.10165584900959052     
           7           8   1.4293367046590939     
           6           9  0.10672214201956799     
           8           9   1.4381550740360387     
           5          10   1.3581634632928599     
           7          10  0.10515511265816808     
           9          10   1.4113622455924826     
          10          11  0.97083428550342377     
          11          12  0.99114194977466230     
          11          13   1.8738723852793866     
           1          14  0.98100463912626235     
           1          15  0.97581765951788391     
           1          16  0.97635954605701003     
           6          17  0.96374240888935470     
           7          18  0.96933733242597397     
           8          19  0.96895703402516919     
           9          20  0.96890500860759721     
          12          21  0.97921688513033922     
          12          22  0.95331379155788742     
          12          23  0.97232805644612608     
