           1           2   1.0060031655419317     
           2           3  0.97159459197390508     
           3           4   1.0203990093144670     
           4           5   1.4012745588824682     
           5           6   1.4434262297387226     
           4           7  0.10576671589901863     
           6           7   1.4341527139957979     
           5           8  0.10781688779514242     
           7           8   1.4368629292309845     
           4           9   1.3797542147922326     
           6           9  0.10032348933654855     
           8           9   1.4173298685925602     
           9          10  0.97411418471462041     
           1          11  0.89866564460512544     
           2          12  0.96921420805958525     
           2          13  0.97097654168786640     
           3          14  0.96334390027640227     
           3          15  0.97128831436521179     
           5          16  0.96603967424335013     
           6          17  0.97000473938672671     
           7          18  0.96899770117995709     
           8          19  0.96794887481045044     
