           1           2   1.0128873054531480     
           2           3  0.93036702082945899     
           3           4   1.1590314361383935     
           3           5  0.17452280723646554     
           4           5   1.7332872062579630     
           4           6  0.94684216572312829     
           6           7  0.95087706369545322     
           7           8   1.0173744321433651     
           7           9   1.8721582449296357     
           1          10  0.98288617045882010     
           1          11  0.98583495410697441     
           1          12  0.98489377188419791     
           2          13  0.96938033655342459     
           2          14  0.97129651567236064     
           6          15  0.97014607560502419     
           6          16  0.95065813210046324     
           8          17  0.95279368926588104     
           8          18  0.98055010046656799     
           8          19  0.95317594051741450     
