           1           2   1.0192193183828033     
           2           3   1.0076620957834344     
           3           4   1.0074109779345362     
           4           5   1.0071368070156561     
           5           6  0.98478149187293218     
           6           7   1.8761017986654813     
           6           8  0.98375207688481991     
           8           9   1.0200033070248371     
           1          10  0.98742604498773834     
           1          11  0.98797983059830830     
           1          12  0.98797982998421841     
           2          13  0.97846293007553664     
           2          14  0.97846293672009321     
           3          15  0.97737721360587926     
           3          16  0.97737722298974594     
           4          17  0.97619928436871106     
           4          18  0.97619930380319486     
           5          19  0.95374396928754324     
           5          20  0.95374418396150762     
           8          21  0.95534333765537294     
           8          22  0.95534326825021254     
           9          23  0.98663169380462801     
           9          24  0.98663168103498733     
           9          25  0.98727703058790506     
