           1           2   1.0192627124336646     
           2           3   1.0076606756579278     
           3           4   1.0069766884163831     
           4           5  0.99183941143387933     
           5           6   1.0013712919469475     
           5           7  0.91982964878779616     
           7           8   1.1451200929495855     
           7           9  0.17563541919968706     
           8           9   1.7452087578618185     
           8          10  0.96722971012418368     
          10          11  0.99218342820832750     
          11          12   1.0210046878465959     
           1          13  0.98785850710581158     
           1          14  0.98737201420086629     
           1          15  0.98788194703035437     
           2          16  0.97853315296635857     
           2          17  0.97847366171352324     
           3          18  0.97701177695068986     
           3          19  0.97559875860623912     
           4          20  0.97460588334953868     
           4          21  0.97389745775152137     
           5          22  0.95845788887485628     
           6          23  0.98554260620855150     
           6          24  0.98479630249105576     
           6          25  0.98399373889051134     
          10          26  0.97510347360434313     
          10          27  0.95522647828437490     
          11          28  0.97638817162634539     
          11          29  0.97741520114697100     
          12          30  0.98726261605530741     
          12          31  0.98692611532054653     
          12          32  0.98609784554121016     
