           1           2   1.0033950308493313     
           2           3  0.99894647222889188     
           2           4  0.98686784116406945     
           4           5  0.99549484702791302     
           5           6  0.97606680897957987     
           5           7  0.97373106691481126     
           7           8   1.0100803443922699     
           7           9   1.0093265531758095     
           1          10  0.98623195995396684     
           1          11  0.98738140568156363     
           1          12  0.98448725008262561     
           2          13  0.95777544160641404     
           3          14  0.86760863620725071     
           4          15  0.97036807054099861     
           4          16  0.97113454558916401     
           5          17  0.95935530364155619     
           6          18  0.89693966049492646     
           7          19  0.96544559164382282     
           8          20  0.98551429046935735     
           8          21  0.98436007887551247     
           8          22  0.98678148033547541     
           9          23  0.98326438737787614     
           9          24  0.98614865754583636     
           9          25  0.98592327300081317     
