           1           2   1.9865593714307768     
           2           3   1.0142207284870128     
           3           4  0.98056958579962727     
           4           5  0.98057147433724601     
           5           6   1.0142310634078742     
           6           7   1.9865345314275005     
           1           8  0.97613835524590498     
           1           9  0.97489535933958549     
           2          10  0.96352184104488203     
           3          11  0.94934754830029799     
           3          12  0.96260612928619349     
           5          13  0.96260723358925460     
           5          14  0.94934230346981419     
           6          15  0.96353238571688005     
           7          16  0.97490488705363942     
           7          17  0.97614562328780996     
