           1           2   1.0506301433871517     
           2           3   1.8128933108897487     
           3           4   1.0222355676454591     
           3           5   1.0086093433729790     
           5           6   1.7141518389566957     
           5           7   1.1101168056892412     
           6           7  0.16203902208824530     
           7           8  0.94782048979506073     
           8           9  0.97929768615238388     
           9          10   1.0118450907569931     
          10          11   1.4141511839630727     
          11          12   1.4437902328387355     
          10          13  0.10983209303946564     
          12          13   1.4400828602415212     
          11          14  0.11111321530217567     
          13          14   1.4369689488902799     
          10          15   1.4120854217450052     
          12          15  0.11128435194132759     
          14          15   1.4470523985776866     
           1          16  0.96159646717359992     
           1          17  0.96513880180717293     
           1          18  0.98238440689060436     
           2          19  0.96199290885567790     
           4          20  0.97952121908347478     
           4          21  0.97031869120533154     
           4          22  0.97284271747659257     
           8          23  0.97259378355309967     
           8          24  0.96646899025594757     
           9          25  0.97090670853123318     
           9          26  0.96989897367961397     
          11          27  0.96914964580262797     
          12          28  0.97130394248282326     
          13          29  0.97159319985997006     
          14          30  0.97125247087238653     
          15          31  0.96958073196107575     
