   -0.10869808
    0.01312379
   -0.10922609
   -0.02356484
   -0.05433214
   -0.06159360
    0.02854564
   -0.08226060
    0.23265785
   -0.38212566
   -0.08898713
   -0.01818959
   -0.10761746
    0.01534201
   -0.10270955
   -0.05943253
    0.03240701
    0.02915504
    0.04656707
    0.04286261
    0.04284083
    0.03823253
    0.04015336
    0.03245515
    0.05098784
    0.04257104
    0.05045621
    0.05810313
    0.05906443
    0.03100210
    0.03916531
    0.03973042
    0.03812715
    0.04608940
    0.03727309
    0.03992099
    0.03853027
    0.03337295
