           1           2   1.9304508288157876     
           2           3   1.0259614440622868     
           2           4  0.99423399886903985     
           4           5  0.99162313806221736     
           5           6  0.99328266557627443     
           6           7   1.0224769397819127     
           7           8   1.7823705852515306     
           8           9   1.0755825802164609     
           9          10   1.7924378021830401     
           9          11  0.98428705223651969     
          11          12  0.99343977057039046     
          12          13   1.0089771433672245     
           7          14  0.99270745110833869     
          12          14  0.96679078108914829     
          14          15  0.97766228788203302     
           4          16  0.98186117721302080     
          14          16  0.97443140842843989     
           1          17  0.97532369565845067     
           1          18  0.97573138785643154     
           3          19  0.96800739751528941     
           3          20  0.98389856583356683     
           3          21  0.97197829918895995     
           4          22  0.96030717264828880     
           5          23  0.97537311627962486     
           5          24  0.97635303970852727     
           6          25  0.94908321005043861     
           6          26  0.97159999377284079     
           8          27  0.96048704626903847     
          11          28  0.96622776664627774     
          11          29  0.94219774076080287     
          12          30  0.96631553778261059     
          13          31  0.98470229622911787     
          13          32  0.98422119303844924     
          13          33  0.98272529015661658     
          15          34  0.97964232512881411     
          15          35  0.98232326267150016     
          15          36  0.97998041972645455     
          16          37  0.97192472774819305     
          16          38  0.97142894765407339     
