   -0.10583662
   -0.05743233
   -0.00083758
   -0.10435368
   -0.00666857
   -0.05892321
   -0.10693244
    0.26558379
   -0.46238708
   -0.10238843
    0.15292446
   -0.11474302
   -0.46139494
   -0.06886724
   -0.10150893
    0.03451663
    0.04220894
    0.04123102
    0.03022172
    0.04904802
    0.04017689
    0.07188863
    0.05180637
    0.04955500
    0.03981726
    0.03716163
    0.04390425
    0.03858277
    0.03893210
    0.04328448
    0.05647776
    0.04273426
    0.03069908
    0.05919698
    0.31651229
    0.01860982
    0.04232920
    0.03032957
    0.03258056
    0.05196061
