           1           2   1.0185498924547918     
           2           3  0.99583496345875844     
           3           4  0.97997411579851934     
           4           5  0.99208468739293620     
           5           6  0.99274061729305851     
           6           7   1.0188470143881740     
           4           8   1.2622831567089772     
           4           9  0.18692498425688786     
           8           9   1.6328657357090692     
           8          10  0.97463952958095923     
          10          11  0.96557989427295310     
          11          12  0.99352609081551257     
          11          13   1.0003418904241186     
          11          14  0.97144096656099888     
          14          15   1.0198892518328215     
           1          16  0.98766148071798132     
           1          17  0.98733421774282815     
           1          18  0.98655083339164873     
           2          19  0.97674082512040528     
           2          20  0.97724370218080592     
           3          21  0.97093273280404158     
           3          22  0.96583685880606873     
           5          23  0.96856227639727710     
           5          24  0.96727729597727352     
           6          25  0.97646099529041341     
           6          26  0.97520184818667199     
           7          27  0.98625441183375695     
           7          28  0.98738980485728456     
           7          29  0.98735543768893796     
          10          30  0.96378567794285275     
          10          31  0.95040419375942642     
          12          32  0.98496683521582518     
          12          33  0.98725470267073567     
          12          34  0.98159661742297177     
          13          35  0.85436161449312986     
          14          36  0.97824397330674606     
          14          37  0.97429421115889925     
          15          38  0.98731453177967643     
          15          39  0.98732755709377740     
          15          40  0.98472499394324464     
