   -0.10203303
   -0.05294230
   -0.05889060
   -0.05852009
   -0.05823827
   -0.05965551
   -0.05798015
   -0.05914287
   -0.06130225
   -0.06134913
    0.03169942
   -0.21644914
    0.03306209
    0.03264672
    0.03303127
    0.02873302
    0.02878654
    0.02941342
    0.02943933
    0.02907974
    0.02936230
    0.02820744
    0.02813696
    0.03188007
    0.03295580
    0.02926309
    0.02977852
    0.03382402
    0.02773610
    0.05096873
    0.03681726
    0.04317002
    0.04985019
    0.05640977
    0.06225154
