           1           2   1.0190990535175410     
           2           3   1.0077381993254355     
           3           4   1.0070457778589008     
           4           5   1.0068903947144583     
           5           6   1.0067002433205732     
           6           7   1.0078443635575733     
           7           8   1.0061998701263539     
           8           9   1.0087363655599664     
           9          10   1.0064958406511662     
          10          11   1.0165596752262949     
          11          12  0.94380104554002353     
           1          13  0.98801841474073426     
           1          14  0.98754644851802531     
           1          15  0.98801927518107657     
           2          16  0.97862244045949698     
           2          17  0.97863604124797576     
           3          18  0.97753319875236544     
           3          19  0.97754298862847455     
           4          20  0.97748368810877762     
           4          21  0.97751715248952253     
           5          22  0.97762651797413302     
           5          23  0.97742812379553412     
           6          24  0.97714131148837768     
           6          25  0.97620391387500682     
           7          26  0.97731474236454463     
           7          27  0.97693920115168020     
           8          28  0.97591938325950833     
           8          29  0.97675114109497041     
           9          30  0.97328892203726447     
           9          31  0.97587454927499928     
          10          32  0.96731179857165328     
          10          33  0.97542266149527779     
          11          34  0.97995945206673818     
          11          35  0.97713232383903903     
