           1           2   1.0193606657904799     
           2           3   1.0062724955216806     
           3           4  0.99788232858067405     
           4           5  0.93951934312972263     
           5           6   1.1325893034260714     
           5           7  0.17294709344165221     
           6           7   1.7535222997383022     
           6           8  0.96946583714998091     
           8           9  0.99371810825573492     
           9          10   1.0210562027016601     
           1          11  0.98773754154770477     
           1          12  0.98697123715942980     
           1          13  0.98759897584994683     
           2          14  0.97830603449609743     
           2          15  0.97815286514464672     
           3          16  0.97534886573083424     
           3          17  0.97638326739848202     
           4          18  0.97153121411893917     
           4          19  0.96831837870289661     
           8          20  0.95255636224650186     
           8          21  0.97418317835350154     
           9          22  0.97756732930665513     
           9          23  0.97607035718094770     
          10          24  0.98688912513691496     
          10          25  0.98724307698564451     
          10          26  0.98705077639585082     
