           1           2   1.0055952818712519     
           2           3  0.99470363084421476     
           3           4  0.98268786079088688     
           4           5   1.0092878662799896     
           3           6   1.2401205037170457     
           6           7  0.98098479819341111     
           3           8  0.19204197065152964     
           6           8   1.6735288406554827     
           1           9  0.98502803947294737     
           1          10  0.98519193462375843     
           1          11  0.98564278219685719     
           2          12  0.97026708003171391     
           2          13  0.96785218946942264     
           4          14  0.96617264689342375     
           4          15  0.97194952512051547     
           5          16  0.98469924871686909     
           5          17  0.98663631111564576     
           5          18  0.98589847529062613     
           7          19  0.98342426838740482     
           7          20  0.97251958801362615     
           7          21  0.96743772138055051     
