           1           2   1.9297901668389272     
           2           3   1.0265647365901283     
           2           4   1.0065813177131235     
           4           5  0.98238696564722328     
           5           6  0.97504410418625076     
           6           7   1.0092255684405071     
           7           8   1.0102943086423046     
           8           9  0.98807935942503056     
           5          10  0.97541002683821809     
           9          10  0.98645701355556092     
          10          11   1.8706221317210974     
           1          12  0.97587009471482000     
           1          13  0.97578152126010376     
           3          14  0.97183224232688226     
           3          15  0.98492988252958225     
           3          16  0.96953838564148564     
           4          17  0.97547922265460851     
           4          18  0.96391933105358429     
           5          19  0.94331849023178171     
           6          20  0.97291938588322191     
           6          21  0.97681930967904518     
           7          22  0.97689761590257262     
           7          23  0.97459301039234136     
           8          24  0.97562485686036970     
           8          25  0.97802373138035870     
           9          26  0.95552963891070630     
           9          27  0.97454392725551697     
