   -0.10196384
   -0.01391463
   -0.10193069
    0.00678423
   -0.03516839
   -0.04136827
    0.00448431
   -0.07897685
    0.11873926
   -0.44421193
   -0.01176675
   -0.10689092
   -0.10686637
   -0.04608886
   -0.04158497
    0.03745364
    0.03236602
    0.03596259
    0.03021389
    0.03287151
    0.03579350
    0.03745042
    0.03084062
    0.02734540
    0.03641930
    0.04856205
    0.00603444
    0.28717348
    0.02200224
    0.03174001
    0.03503053
    0.05577997
    0.05489841
    0.03502076
    0.03091883
    0.03046359
    0.02638344
