           1           2  0.99757232737874868     
           2           3  0.99749237944101710     
           2           4  0.99858598668071719     
           4           5   1.4028043635454386     
           5           6   1.4585864391072434     
           4           7  0.10540179516114512     
           6           7   1.3999236237154753     
           7           8   1.0153584421932420     
           8           9  0.96412315242156910     
           9          10  0.99338673644816589     
           9          11  0.97707614567151280     
          11          12   1.0101224921135625     
          11          13   1.0077836889646490     
           5          14  0.10795950292014808     
           7          14   1.4109733984544177     
           4          15   1.4181445123892722     
           6          15  0.10841682121712652     
          14          15   1.4401499069261117     
           1          16  0.98535162351911687     
           1          17  0.98765973545393670     
           1          18  0.98572328555016842     
           2          19  0.96801951344624237     
           3          20  0.98760855108300571     
           3          21  0.98574027936178565     
           3          22  0.98533641311703068     
           5          23  0.96679289029657256     
           6          24  0.96933627811381984     
           8          25  0.97069396392946961     
           8          26  0.97040213140063292     
           9          27  0.95929977138940614     
          10          28  0.89234792802782470     
          11          29  0.96920852233561328     
          12          30  0.98526983219488029     
          12          31  0.98591597162562583     
          12          32  0.98457640776869293     
          13          33  0.98517816094280852     
          13          34  0.98620403348418639     
          13          35  0.98679821602190054     
          14          36  0.96780831966765202     
          15          37  0.96841269603055924     
