           1           2  0.98407544245504674     
           2           3   1.7561623916007203     
           2           4   1.1332272357714206     
           3           4  0.17289807024355919     
           4           5  0.92846891585955227     
           5           6   1.0015251707848873     
           6           7   1.4162961372221843     
           7           8   1.4446902543493372     
           6           9  0.11042531421133447     
           8           9   1.4391536104634830     
           7          10  0.11172425689983080     
           9          10   1.4391534045379599     
           6          11   1.4162956289602955     
           8          11  0.11172437253799467     
          10          11   1.4446906092346627     
           1          12  0.96486050044088456     
           1          13  0.98308111793712316     
           1          14  0.96486032860620730     
           5          15  0.96567780286038962     
           5          16  0.96567776293878893     
           7          17  0.96901854744484406     
           8          18  0.97075684860164269     
           9          19  0.97111507598437541     
          10          20  0.97075683599878193     
          11          21  0.96901855813071092     
