   -0.10585226
   -0.05837509
    0.07340070
   -0.25661968
    0.36896427
   -0.42778494
   -0.08310241
   -0.08197993
    0.26902941
   -0.45831207
   -0.09792632
   -0.00646990
   -0.06397256
   -0.10515663
   -0.00404766
   -0.05688335
   -0.10290846
    0.03719363
    0.06515983
    0.03464616
    0.04926290
    0.03747493
    0.04584291
    0.06075175
    0.06097949
    0.08218907
    0.06616067
    0.05071010
    0.05044446
    0.04501147
    0.05691633
    0.03774309
    0.04343666
    0.03531127
    0.03494467
    0.03770664
    0.07842979
    0.03072758
    0.03842501
    0.03494028
    0.04951586
    0.03407234
