           1           2   1.0204618159595920     
           2           3  0.99792113449161257     
           3           4  0.93638636358181460     
           4           5   1.1549930293033055     
           4           6  0.17375992542371271     
           5           6   1.7338215256663949     
           5           7  0.96514682486841774     
           7           8   1.0041799038837305     
           8           9  0.96287497391697419     
           9          10   1.6536540151995474     
           9          11   1.2590328586889372     
          10          11  0.19011858142714508     
          11          12  0.99143683167073415     
          12          13  0.99175338323664741     
          13          14   1.0189999679384008     
          11          15  0.98231011536454704     
          15          16  0.99696138005002100     
          16          17   1.0207633068438779     
           1          18  0.98732712329953309     
           1          19  0.97851987773718763     
           1          20  0.98680307674521739     
           2          21  0.97647143914872736     
           2          22  0.97470744593584868     
           3          23  0.97061813520629547     
           3          24  0.96623939431681483     
           7          25  0.95297093546007006     
           7          26  0.96569880993630131     
           8          27  0.96304024735959348     
           8          28  0.95847604161707023     
          12          29  0.96871777925007552     
          12          30  0.96819778731279937     
          13          31  0.97199977365319035     
          13          32  0.97667428953621305     
          14          33  0.98627729463700997     
          14          34  0.98751309989857949     
          14          35  0.98772497914797008     
          15          36  0.96891236779031042     
          15          37  0.96293880778195551     
          16          38  0.97502638783738282     
          16          39  0.97574889010995258     
          17          40  0.98760436546642660     
          17          41  0.98629354471291708     
          17          42  0.98730539479846513     
