           1           2   1.9354305739556648     
           2           3   1.0282809367792367     
           2           4  0.99619305621069232     
           4           5  0.97034693980511677     
           5           6  0.99162955747024473     
           6           7  0.99326238697214198     
           7           8  0.97649694275401078     
           8           9   1.0509454271860159     
           9          10   1.3505057258098621     
          10          11   1.4699133899207677     
          11          12   1.4188217606424487     
          10          13  0.11067335756806153     
          12          13   1.4486276917293424     
           9          14   1.3797667278292294     
          11          14  0.10434663794194043     
          13          14   1.4350715857191989     
           1          15  0.97479572296420947     
           1          16  0.97515498641487619     
           3          17  0.96895189161322393     
           3          18  0.96834646859096229     
           3          19  0.98494154197812755     
           4          20  0.96609277347803735     
           4          21  0.95649625790292303     
           6          22  0.96605483064904341     
           6          23  0.96583365766142615     
           7          24  0.96642636065410970     
           7          25  0.96630247870185515     
          10          26  0.96849513749648974     
          11          27  0.97070255642177283     
          12          28  0.97144823740321096     
          13          29  0.97124986737253072     
          14          30  0.96658263357606178     
