           1           2   1.9782860060272973     
           2           3   1.0266443248780250     
           3           4  0.99035924164696143     
           4           5   1.0063257678379602     
           5           6   1.0063278594503686     
           6           7   1.0066803021577642     
           7           8   1.0070343968110191     
           8           9   1.0077157927971945     
           9          10   1.0191185494084689     
           1          11  0.97555322321683269     
           1          12  0.97737844107824456     
           2          13  0.96665200936837636     
           3          14  0.97550133693300878     
           3          15  0.96246060844300141     
           4          16  0.97774060245837424     
           4          17  0.97849236159891773     
           5          18  0.97743039914519603     
           5          19  0.97735288393554653     
           6          20  0.97755054298080124     
           6          21  0.97751680300595667     
           7          22  0.97751168348779038     
           7          23  0.97751389100911146     
           8          24  0.97751597195417683     
           8          25  0.97751433097188389     
           9          26  0.97863364455005908     
           9          27  0.97863220027594455     
          10          28  0.98800104944761058     
          10          29  0.98753039307084356     
          10          30  0.98800104298826352     
