           1           2   1.0190924939652148     
           2           3   1.0089442706710743     
           3           4   1.0054145334413938     
           4           5   1.0078159862687528     
           5           6  0.98689390464627669     
           6           7  0.97860880753735713     
           6           8  0.99349807571620563     
           8           9  0.98639641833029057     
           9          10   1.0035801635163837     
           9          11  0.99974620688227323     
           1          12  0.98781071314704116     
           1          13  0.98801851240733218     
           1          14  0.98743263839741180     
           2          15  0.97729256517812435     
           2          16  0.97824324160907805     
           3          17  0.97710721632873432     
           3          18  0.97672081426627377     
           4          19  0.97372755162286162     
           4          20  0.97664810635032329     
           5          21  0.97445826878558428     
           5          22  0.97447141246056512     
           6          23  0.95977539458029060     
           7          24  0.89211593898022179     
           8          25  0.97305085106557465     
           8          26  0.97419133862076324     
           9          27  0.95817354943827016     
          10          28  0.98441206621757738     
          10          29  0.98615999606206783     
          10          30  0.98735219096079696     
          11          31  0.86766252150013412     
