           1           2   1.0191279507142192     
           2           3   1.0076597591897845     
           3           4   1.0078218259821849     
           4           5   1.0066549305769565     
           5           6   1.0072966479043330     
           6           7  0.99187843890994676     
           7           8  0.99794682995813622     
           7           9  0.98083443743767040     
           9          10  0.99239052552474027     
           1          11  0.98805628019099145     
           1          12  0.98756079705152955     
           1          13  0.98800571229923362     
           2          14  0.97870680629005125     
           2          15  0.97845194479749165     
           3          16  0.97721916272617670     
           3          17  0.97602802135354461     
           4          18  0.97672002702111005     
           4          19  0.97721115916947920     
           5          20  0.97700456424248316     
           5          21  0.97458101865694680     
           6          22  0.97479993375357354     
           6          23  0.97474229540075474     
           7          24  0.95817801830274241     
           8          25  0.88744444732646843     
           9          26  0.97090914684384855     
           9          27  0.97181694105418681     
          10          28  0.90163128006615423     
