           1           2   1.9798275652009107     
           2           3   1.0271160164473541     
           3           4  0.98829697769448865     
           4           5   1.0084568251889721     
           5           6   1.0064081338317350     
           6           7   1.0068777596739191     
           7           8   1.0067590591186253     
           8           9   1.0074386607192864     
           9          10   1.0064544385280947     
          10          11   1.0145392157968227     
          11          12   1.9264646009489330     
           1          13  0.97750680596667117     
           1          14  0.97546802368755758     
           2          15  0.96559758314556632     
           3          16  0.96475142014561976     
           3          17  0.97524404083442529     
           4          18  0.97857096263280430     
           4          19  0.97662963539765935     
           5          20  0.97614845647115378     
           5          21  0.97708693384309608     
           6          22  0.97760297445449329     
           6          23  0.97733137688540250     
           7          24  0.97730789333049328     
           7          25  0.97730912174479723     
           8          26  0.97727903930013793     
           8          27  0.97728089512335248     
           9          28  0.97575527183316857     
           9          29  0.97575127414291529     
          10          30  0.94376306382003472     
          10          31  0.94363856174584293     
          11          32  0.93025372090263425     
