           1           2   1.0178686145639453     
           2           3  0.93269339522526551     
           3           4   1.1452133000957663     
           3           5  0.17598774866504002     
           4           5   1.7469514813227593     
           4           6  0.95137206307658118     
           6           7  0.99941704764181416     
           6           8  0.94265425741308595     
           8           9  0.98816687754492305     
           8          10  0.98568375127792673     
          10          11   1.4108241684296199     
          11          12   1.4455244548271085     
          10          13  0.10971890055231674     
          12          13   1.4374459100780357     
          11          14  0.11159677495916841     
          13          14   1.4396783644309932     
          10          15   1.4154662989566655     
          12          15  0.11104794827268104     
          14          15   1.4434159944907008     
           1          16  0.98336526576655758     
           1          17  0.98513810310938232     
           1          18  0.98564428384919445     
           2          19  0.96788853735703362     
           2          20  0.96722625638448900     
           6          21  0.96335604990253620     
           7          22  0.98572738830397366     
           7          23  0.98198997251249753     
           7          24  0.98419252921574829     
           8          25  0.95666170684506835     
           9          26  0.89895503039719216     
          11          27  0.96840528301669770     
          12          28  0.97095127560849348     
          13          29  0.97141932029941747     
          14          30  0.97095703335074313     
          15          31  0.96744019891042066     
