           1           2   1.8961156980350367     
           2           3   1.0948910058917252     
           1           4  0.13496981978070138     
           3           4   1.8438193267289973     
           3           5   1.0091117908504932     
           5           6  0.96867140289526354     
           6           7   1.0242613538160781     
           7           8   1.8823909485122103     
           8           9   1.0211596038727202     
           8          10   1.0237204093639467     
           1          11  0.97172160185399203     
           1          12  0.97871467324308514     
           2          13  0.96387906908722809     
           4          14  0.97604047746939304     
           4          15  0.97754275622310716     
           5          16  0.97559703200306047     
           5          17  0.96798302107058332     
           6          18  0.97110732195685856     
           6          19  0.96830837955303284     
           7          20  0.96479737467660098     
           9          21  0.98536214625857144     
           9          22  0.97316402245638511     
           9          23  0.97427159441999012     
          10          24  0.97677829704401531     
          10          25  0.97776457847165843     
          10          26  0.97022880505305265     
