           1           2   1.0191088831571165     
           2           3   1.0077232475812554     
           3           4  0.98205134839347052     
           4           5   1.0058534981667036     
           4           6  0.97036071186035144     
           6           7  0.99630538201975627     
           7           8   1.0199256042726279     
           6           9  0.99221363709581778     
           9          10  0.98825586517101849     
           1          11  0.98802736446506256     
           1          12  0.98742530629573677     
           1          13  0.98799346870257432     
           2          14  0.97651395538505370     
           2          15  0.97847135054378331     
           3          16  0.97416523202944583     
           3          17  0.97680792851037512     
           4          18  0.95923241610138876     
           5          19  0.87116071299251663     
           6          20  0.96579205580917238     
           7          21  0.97633412173783585     
           7          22  0.97380532998921510     
           8          23  0.98513532522314895     
           8          24  0.98751615024501582     
           8          25  0.98692483310779966     
           9          26  0.96938467966075526     
           9          27  0.97091110977735562     
          10          28  0.90150372046794636     
