    0.03847708
   -0.28912546
    0.10541039
   -0.07477653
   -0.01000654
    0.00063723
   -0.18001974
    0.27625781
   -0.44206225
   -0.08855276
   -0.05335400
   -0.05469978
   -0.05828858
   -0.04498827
   -0.04657804
   -0.00912808
   -0.10299217
   -0.10212808
   -0.05168512
   -0.06026935
    0.12454607
   -0.38664247
    0.04554985
    0.04475337
    0.05822120
    0.06241277
    0.07976387
    0.04421963
    0.16369046
    0.05723939
    0.02929734
    0.03912775
    0.05152181
    0.02843167
    0.03145317
    0.03887578
    0.03401409
    0.02762712
    0.02963283
    0.02842331
    0.03304732
    0.03622508
    0.03462954
    0.03141654
    0.03460342
    0.03605233
    0.03656630
    0.05591734
    0.31725537
