           1           2  0.98199363421360653     
           2           3   1.0340072917920535     
           3           4   1.4184348783883469     
           4           5   1.3813613544212848     
           5           6  0.99576368720928599     
           6           7  0.97961961310415313     
           7           8   1.2473742429313779     
           7           9  0.19460049033353641     
           8           9   1.6835754187820122     
           8          10  0.96538102348406007     
          10          11  0.98957244519043075     
          11          12   1.0099625606474156     
          12          13  0.98792663340707076     
          13          14   1.0242529082531937     
          14          15   1.9313977722099831     
          15          16   1.0120274437389165     
          16          17  0.99598967441197261     
          16          18  0.99530188958723320     
           5          19   1.4318738179472765     
          19          20   1.4187204312359549     
           3          21   1.2813373424192116     
          20          21   1.4030241687507337     
          21          22   1.0817969955758151     
           1          23  0.97685725900905096     
           1          24  0.97679875667349247     
           1          25  0.97985583625966288     
           4          26  0.96058723889732422     
           6          27  0.96006656030696014     
           6          28  0.97076268656116327     
           7          29  0.94352166039944363     
          10          30  0.96418080696512676     
          10          31  0.97576652371613970     
          11          32  0.97477599822083083     
          11          33  0.97553590896933695     
          12          34  0.97838022497903765     
          12          35  0.97576949547701752     
          13          36  0.96812100018088110     
          13          37  0.97502782282428480     
          14          38  0.96414528558641666     
          15          39  0.96359260713616779     
          16          40  0.96775451486647601     
          17          41  0.98774209609711039     
          17          42  0.98695371149767630     
          17          43  0.98552399122068957     
          18          44  0.98787462922825320     
          18          45  0.98547891736987125     
          18          46  0.98699679614738067     
          19          47  0.96879528191767084     
          20          48  0.96703145075120645     
          22          49  0.87473346314847555     
