           1           2   1.0196731814869520     
           2           3   1.0078330982862511     
           3           4  0.98548258207091699     
           4           5   1.8723704575533828     
           4           6  0.98548258504636410     
           6           7   1.0078330982992065     
           7           8   1.0196731814711244     
           1           9  0.98775339336021328     
           1          10  0.98775339938701334     
           1          11  0.98703145416470128     
           2          12  0.97725852220525022     
           2          13  0.97725849913429275     
           3          14  0.95348349300466373     
           3          15  0.95348336530655475     
           6          16  0.95348340259361908     
           6          17  0.95348345298616066     
           7          18  0.97725849767563411     
           7          19  0.97725852375353062     
           8          20  0.98703145397770586     
           8          21  0.98775340740347661     
           8          22  0.98775338297960702     
