           1           2   1.0140132946461544     
           2           3  0.99018877315977261     
           3           4  0.96651661121899446     
           4           5   1.0639471887110068     
           5           6   1.3745448888778544     
           6           7   1.4354460627058536     
           7           8   1.4132247509216012     
           8           9  0.96880414022271932     
           6          10  0.10189384604763072     
           8          10   1.3856792808657599     
           5          11   1.3458487588475210     
           7          11  0.10796228052610257     
          10          11   1.4706262193515527     
           1          12  0.89241327224483702     
           2          13  0.96716232751401143     
           2          14  0.97085006180905553     
           3          15  0.96742857390929882     
           3          16  0.96665561251536847     
           6          17  0.96499950734909690     
           7          18  0.96745770368850414     
          10          19  0.96677175374482849     
          11          20  0.96646787749852869     
