           1           2   1.0154013537016016     
           2           3  0.96756773938530460     
           3           4   1.0650566604156393     
           4           5   1.3756584438122412     
           5           6   1.4373174248549583     
           6           7   1.4232350288948188     
           7           8  0.99754588808853839     
           8           9  0.99849390195550325     
           5          10  0.10227314799126001     
           7          10   1.3908624303294512     
           4          11   1.3438443194862382     
           6          11  0.10835940447467865     
          10          11   1.4762633299454970     
           1          12  0.98584847864186953     
           1          13  0.98522687622030169     
           1          14  0.98581778606104586     
           2          15  0.96857410404165201     
           2          16  0.96855456487153946     
           5          17  0.96651373944104568     
           6          18  0.96754589795547330     
           8          19  0.96563768191895039     
           8          20  0.95785724912304238     
           9          21  0.90353501689159210     
          10          22  0.96857204683287157     
          11          23  0.96813342291605387     
