           1           2   1.0186311069582628     
           2           3  0.98368219117467570     
           3           4   1.0167405012853303     
           4           5   1.0325641903606460     
           4           6   1.7382853719667397     
           6           7   1.1030809816630336     
           4           8  0.11130195501424313     
           7           8   2.7778172895650433     
           6           9  0.97444499860287526     
           9          10  0.99798345748241557     
           9          11  0.99755036821335996     
           1          12  0.98759731490229363     
           1          13  0.98613492918971501     
           1          14  0.98769098094427077     
           2          15  0.97758171721239251     
           2          16  0.97837845732299678     
           3          17  0.96540256212470399     
           3          18  0.97211014501551019     
           5          19  0.96429501935921857     
           5          20  0.96792532028829925     
           5          21  0.97906395602136520     
           9          22  0.96231038361397303     
          10          23  0.98497625938494837     
          10          24  0.98744589682848127     
          10          25  0.98480023192691502     
          11          26  0.98675068069813210     
          11          27  0.98490490398061470     
          11          28  0.98497392450645005     
