           1           2   2.7934913993008914     
           2           3   1.0998368345527989     
           3           4   1.4586410532694905     
           4           5   1.3427073239144789     
           3           6  0.10562864467024562     
           5           6   1.5396195072524663     
           6           7   1.2801411974701493     
           7           8   1.2773424214666624     
           8           9   1.5572922861653706     
           9          10   1.3233802418447300     
           8          11  0.11854219776053883     
          10          11   1.5502225057283616     
           3          12   1.2151571732181934     
           7          12   1.2554560631033744     
          11          12   1.2916344829270399     
           4          13  0.97002982136416716     
           5          14  0.96937172459952070     
           6          15  0.96800634591903334     
           8          16  0.96808588467220713     
           9          17  0.97057725521946658     
          10          18  0.97057821990607951     
          11          19  0.96581693725706541     
