           1           2   1.0004137028614510     
           2           3  0.98504019980070978     
           2           4  0.99257046064895216     
           4           5   1.0074377365062994     
           5           6   1.0068944969401799     
           6           7  0.99775767169952556     
           7           8  0.99884298269529015     
           1           9  0.98571923364102321     
           1          10  0.98601496553624979     
           1          11  0.98510899541757624     
           2          12  0.96139670447053482     
           3          13  0.90232058985482411     
           4          14  0.97647862380417549     
           4          15  0.97485284551393037     
           5          16  0.97722718014026688     
           5          17  0.97511639718201626     
           6          18  0.97677274906707001     
           6          19  0.97594290508223547     
           7          20  0.97042586228063288     
           7          21  0.97303323823060628     
           8          22  0.90361501508301167     
