           1           2   1.9338598267885576     
           2           3   1.0279769390499527     
           2           4  0.99789093871437273     
           4           5  0.97557316286646112     
           5           6  0.98645326039937042     
           6           7  0.99377378833084318     
           7           8   1.4178822346185660     
           8           9   1.4419598808146317     
           7          10  0.11018014424891279     
           9          10   1.4410635121734392     
           8          11  0.11072409890171928     
          10          11   1.4361942937406791     
           7          12   1.4110241861606772     
           9          12  0.11210888711548578     
          11          12   1.4482076325102040     
           1          13  0.97503616415899119     
           1          14  0.97541827925608637     
           3          15  0.98523110149714577     
           3          16  0.96747755846969774     
           3          17  0.97026629622245741     
           4          18  0.96554368098714571     
           4          19  0.95506001215103553     
           6          20  0.96379809055329957     
           6          21  0.95525264823331757     
           8          22  0.96899485125927554     
           9          23  0.97111582644571359     
          10          24  0.97148078195386578     
          11          25  0.97103543578920848     
          12          26  0.96819393262339726     
