           1           2  0.99015489482164654     
           2           3  0.98440435071990762     
           2           4  0.97217404950708552     
           4           5  0.99181564355681906     
           2           6  0.96759532687407535     
           6           7   1.0137237667258330     
           1           8  0.98249820499228946     
           1           9  0.98461743648663780     
           1          10  0.98542348188705919     
           3          11  0.88086525117876979     
           4          12  0.97136244655568382     
           4          13  0.96871395291626294     
           5          14  0.90074885118243186     
           6          15  0.97316598929798270     
           6          16  0.96627452159460014     
           7          17  0.88272646996544413     
