           1           2  0.98723141804537795     
           2           3   1.0575823089333174     
           3           4   1.3496409321563363     
           4           5   1.4711042609243210     
           5           6   1.4180558201778350     
           4           7  0.11071036833831369     
           6           7   1.4491219390161456     
           3           8   1.3796457403293214     
           5           8  0.10409050069822290     
           7           8   1.4346554219398719     
           1           9  0.97663759461500554     
           1          10  0.97983254518791230     
           1          11  0.97663759655943749     
           4          12  0.96860117517877220     
           5          13  0.97082772516599447     
           6          14  0.97156342045991562     
           7          15  0.97142684834891324     
           8          16  0.96668137613081462     
