           1           2   1.0140229830939924     
           2           3   1.0009967590976263     
           3           4  0.99959666670987191     
           4           5   1.0142324151858653     
           3           6   1.0106062207374784     
           6           7  0.96598074858319904     
           7           8   1.0596433464786583     
           8           9   2.8436025895427197     
           1          10  0.98588273772682122     
           1          11  0.98412244561238926     
           1          12  0.98714908976848137     
           2          13  0.96798485071617124     
           2          14  0.97253088904931440     
           4          15  0.97120589121415435     
           4          16  0.96805556397388726     
           5          17  0.98448019795102493     
           5          18  0.98706638980217765     
           5          19  0.98582929804891029     
           6          20  0.96781110683725358     
           6          21  0.97101621287734241     
           7          22  0.94213100280487350     
           7          23  0.94282400063105209     
