   -0.10566676
   -0.01410894
   -0.05887472
   -0.06262378
   -0.03659858
    0.14392476
   -0.12010408
   -0.11197810
   -0.45198713
   -0.01487340
   -0.10842233
   -0.06419164
    0.03239980
    0.03351238
    0.03284942
    0.02619507
    0.03008073
    0.02644234
    0.03304863
    0.02939345
    0.02335835
    0.03861521
    0.04765536
    0.02954580
    0.03613101
    0.04919795
    0.05326279
    0.28297964
    0.03016191
    0.02788917
    0.02678587
    0.05726784
    0.02994332
    0.02878867
