           1           2   1.0075078246982745     
           2           3  0.99830038055667181     
           3           4   1.0068220163994537     
           4           5  0.99641856089223269     
           5           6  0.96096342390889433     
           6           7  0.98782125285449274     
           6           8  0.99718686478746332     
           6           9  0.97313200940390798     
           5          10  0.98582675843586809     
          10          11   1.0086282303667851     
           2          12  0.99798450095496227     
          10          12  0.99407288867350496     
           1          13  0.98666412371373924     
           1          14  0.98664883439107509     
           1          15  0.98690652277713919     
           2          16  0.96792764392407948     
           3          17  0.97619329521073728     
           3          18  0.97645950725227726     
           4          19  0.97284949337584847     
           4          20  0.97408116506764753     
           5          21  0.96353079721319790     
           7          22  0.98393415300472764     
           7          23  0.98401938877107764     
           7          24  0.98542678218574120     
           8          25  0.98320962934820522     
           8          26  0.98400247370463589     
           8          27  0.98112167721610632     
           9          28  0.90011265180918054     
          10          29  0.96588208209888871     
          11          30  0.98700206482576702     
          11          31  0.98574542034509371     
          11          32  0.97906052491838547     
          12          33  0.97514177823043635     
          12          34  0.97519085309637998     
