   -0.11218341
    0.03909982
   -0.06250551
   -0.05569552
   -0.06173348
   -0.00134246
   -0.10629869
    0.25825425
   -0.45395500
   -0.03909981
   -0.05480477
   -0.04004235
   -0.04521621
   -0.05203062
   -0.05004737
    0.04705807
    0.04120880
    0.04174169
    0.04441583
    0.03803932
    0.03634245
    0.03393495
    0.03611926
    0.03757546
    0.04229086
    0.03776273
    0.07856036
    0.03111020
    0.03697915
    0.07014371
    0.02579914
    0.02272793
    0.03312667
    0.03641916
    0.04525429
    0.02099111
