           1           2  0.99696198110947332     
           2           3  0.98571349778180695     
           3           4   1.0097286791737998     
           4           5   1.0087982440152410     
           5           6   1.0014921996528940     
           2           7  0.98131088016903767     
           6           7  0.98229880596950170     
           7           8   1.2475307038557362     
           7           9  0.19229189419537832     
           8           9   1.6630251940655050     
           8          10  0.95396417834023861     
          10          11  0.99272132175489169     
          11          12   1.0273691425612481     
          12          13   1.9253751249127999     
          13          14   1.0223203658533380     
          10          15  0.97823099421884185     
          14          15   1.0047974375149589     
           1          16  0.98163230196556783     
           1          17  0.98595686389983106     
           1          18  0.98521427742772860     
           2          19  0.95645093962471428     
           3          20  0.97544229834694907     
           3          21  0.97663938888351065     
           4          22  0.97635378342391888     
           4          23  0.97500970648092244     
           5          24  0.97548771217747166     
           5          25  0.97677070185025539     
           6          26  0.96529362071675406     
           6          27  0.96219419423938957     
          10          28  0.95872332917418135     
          11          29  0.96658878004203486     
          11          30  0.94912741697029990     
          12          31  0.96728953501898585     
          13          32  0.96798687527265592     
          14          33  0.96053412884446165     
          14          34  0.96717986918350862     
          15          35  0.97716515457174968     
          15          36  0.97565420105203260     
