           1           2   1.0098291054903570     
           2           3   1.0084874250436202     
           2           4  0.99365464300794115     
           4           5   1.0054466475038344     
           5           6  0.92346614713381192     
           6           7   1.1415954930610956     
           6           8  0.18056775807365566     
           7           8   1.7786637411660371     
           7           9  0.95802439392502614     
           9          10  0.97627307327148949     
           1          11  0.98629257713532104     
           1          12  0.98552104869828872     
           1          13  0.98517598627704894     
           2          14  0.96857490249743705     
           3          15  0.98664752802387223     
           3          16  0.98583278400517727     
           3          17  0.98644140384420775     
           4          18  0.97456790364287293     
           4          19  0.97302069405437086     
           5          20  0.96790773122745855     
           5          21  0.96717013435343957     
           9          22  0.95978658549111273     
           9          23  0.95892070200170476     
