           1           2   1.0194378049043906     
           2           3   1.0075944526262317     
           3           4   1.0012485348328801     
           4           5  0.97038798194952480     
           5           6   1.0567275750432656     
           6           7   1.3466166987399573     
           7           8   1.4746797039731556     
           8           9   1.3906392352138841     
           9          10   1.0238534486759210     
           7          11  0.10897899955874697     
           9          11   1.4224399675288897     
           6          12   1.3780548169900353     
           8          12  0.10291946071688193     
          11          12   1.4358570512380815     
           1          13  0.98771998097459013     
           1          14  0.98716496979744672     
           1          15  0.98772840020841923     
           2          16  0.97832173166222658     
           2          17  0.97830003088521800     
           3          18  0.97576899890825064     
           3          19  0.97581279961200940     
           4          20  0.96762155495341406     
           4          21  0.96754696746442359     
           7          22  0.96854328169296755     
           8          23  0.96921707254209499     
          10          24  0.98214849456802933     
          10          25  0.96930426534399672     
          10          26  0.98304110789145538     
          11          27  0.96973961521062213     
          12          28  0.96678545585578823     
