           1           2   1.3942555880397554     
           2           3   1.4729153206926449     
           3           4   1.3642784025274903     
           4           5   1.0671921908529236     
           5           6   1.1263886170163355     
           5           7  0.12141198186710291     
           6           7   1.6723231996482943     
           4           8   1.2766982234996982     
           7           8   1.1764093881910926     
           1           9   1.4891512026489400     
           3           9  0.11675406010057629     
           8           9   1.3423633379042470     
           1          10  0.97038456197591338     
           2          11  0.97065560917489235     
           3          12  0.96709969433565235     
           6          13  0.95885618592804656     
           9          14  0.96745212319402540     
