           1           2   1.0191820913518266     
           2           3   1.0076533857021248     
           3           4   1.0091304885478543     
           4           5  0.98693260382888093     
           5           6   1.0163404789368446     
           6           7   1.5790642036730733     
           7           8   1.2885152244629905     
           6           9  0.14340185785176027     
           8           9   1.6142118920457942     
           6          10   1.1189658235155164     
           9          10   1.1297243723715273     
           1          11  0.98796924283592702     
           1          12  0.98751211303283271     
           1          13  0.98792631234520045     
           2          14  0.97862137408619920     
           2          15  0.97858200866247935     
           3          16  0.97623248838465015     
           3          17  0.97697721451329145     
           4          18  0.97775257736277610     
           4          19  0.97667947302836911     
           5          20  0.97286384708318041     
           5          21  0.96784916521400621     
           7          22  0.97556952345870873     
           8          23  0.97536602968636110     
           9          24  0.96754554193770392     
