           1           2   2.8484003688640267     
           2           3   1.0438917631099576     
           3           4  0.92097732843649616     
           4           5   1.7544781073695610     
           4           6   1.1701879181172552     
           5           6  0.18319943960611085     
           6           7  0.90512537686791628     
           7           8  0.98983196942663276     
           8           9   1.0055310010285743     
           9          10   1.0093417408041938     
          10          11   1.0093247185239440     
           7          12  0.99138686420062450     
          11          12   1.0054345173874830     
           3          13  0.93402139672036821     
           3          14  0.94188845235705587     
           7          15  0.95954202742254258     
           8          16  0.97619558866946787     
           8          17  0.97495914057992472     
           9          18  0.97648624507527382     
           9          19  0.97706019116180998     
          10          20  0.97675060233235966     
          10          21  0.97702437186488933     
          11          22  0.97705440036871516     
          11          23  0.97635279369771077     
          12          24  0.97429795797521368     
          12          25  0.97573734159109915     
