   -0.14110196
    0.25385695
   -0.37003345
   -0.07854038
   -0.07783466
    0.26965496
   -0.45683793
   -0.11336452
    0.05292864
   -0.11378569
   -0.11420137
    0.03789583
   -0.11413919
   -0.11319098
    0.09227808
    0.05688233
    0.06332879
    0.05489606
    0.06233403
    0.06298472
    0.04220242
    0.03803790
    0.06867591
    0.03861168
    0.03742752
    0.06834277
    0.03409711
    0.03881862
    0.04786552
    0.04846740
    0.04509966
    0.04459612
    0.04567839
    0.04283404
    0.04523471
