           1           2   1.0122984860116868     
           2           3   1.8601691396375857     
           2           4  0.97861312571636017     
           4           5  0.99993489115783596     
           5           6  0.96117185281512652     
           6           7   1.6551668533242765     
           6           8   1.2623901713144612     
           7           8  0.18881782501091018     
           8           9  0.95960014856719345     
           9          10   1.0023136337184826     
           9          11   1.0019200986641468     
           8          12  0.97852537576259691     
          12          13  0.99863137991266371     
          12          14  0.99943496711833835     
           1          15  0.94740294497130439     
           1          16  0.96812094623185307     
           1          17  0.98275945386596064     
           4          18  0.95091719979904621     
           4          19  0.97290255908106626     
           5          20  0.95972113757722455     
           5          21  0.96118034395915897     
           9          22  0.96045763111486304     
          10          23  0.98023644446465408     
          10          24  0.98591063643523080     
          10          25  0.98478081314735078     
          11          26  0.98052653125267974     
          11          27  0.98630671344746645     
          11          28  0.98482088816970537     
          12          29  0.95714680946968655     
          13          30  0.98526468162175584     
          13          31  0.98289459669451185     
          13          32  0.98452744041174101     
          14          33  0.98172152849559158     
          14          34  0.98579405053638847     
          14          35  0.98453900823797125     
