           1           2   1.0132604255326665     
           2           3  0.93197467474351670     
           3           4   1.1337905497295135     
           3           5  0.17286764706034510     
           4           5   1.7628433766386717     
           4           6  0.94114217331827532     
           6           7  0.99676551467419983     
           7           8   1.0091698779165221     
           8           9   1.0096473163965001     
           9          10   1.0084336544355745     
           6          11  0.98687702920038645     
          10          11   1.0095162366705790     
          11          12  0.92951800204737467     
           1          13  0.98596397509439759     
           1          14  0.98283324679732009     
           1          15  0.98445904060670020     
           2          16  0.96948670353420741     
           2          17  0.97257066985678775     
           6          18  0.94367898550215035     
           7          19  0.97299517358194820     
           7          20  0.97427698044620770     
           8          21  0.97619680610228621     
           8          22  0.97489848114289734     
           9          23  0.97638066887384312     
           9          24  0.97244041702990858     
          10          25  0.96487755528196006     
          10          26  0.97500501603968159     
          11          27  0.96833666690926623     
