           1           2   1.0183558133183594     
           2           3  0.98832196730899813     
           3           4   1.0082932274433705     
           3           5  0.90330052367002578     
           5           6   1.1644795077424963     
           5           7  0.18154726403346449     
           6           7   1.7607485161580827     
           6           8  0.93865267113523021     
           8           9  0.97054297345615881     
           9          10   1.1018304836353798     
          10          11  0.99278650568173543     
           9          12  0.16462849324957535     
          10          12   1.7674616341220641     
           1          13  0.98688233308645568     
           1          14  0.98597856966236430     
           1          15  0.98596572829804974     
           2          16  0.97636882565972649     
           2          17  0.97541099767892037     
           3          18  0.95993919411980078     
           4          19  0.98060325795207037     
           4          20  0.98433776876612411     
           4          21  0.98360129315515965     
           8          22  0.95444778835753852     
           8          23  0.95226414244697777     
          11          24  0.97805352175825944     
          11          25  0.95154325873448209     
          11          26  0.97501507949690236     
