           1           2   1.0192278929204839     
           2           3   1.0071132922530990     
           3           4   1.0075350007168775     
           4           5  0.99456458601257558     
           5           6  0.99475163028498637     
           6           7   1.0197782796782773     
           5           8  0.99462795646475211     
           8           9  0.93733201065443816     
           9          10   1.1405460209246847     
          10          11  0.98362564041223455     
           9          12  0.17424323762854582     
          10          12   1.7511263197295523     
           1          13  0.98787010262061137     
           1          14  0.98793271838844210     
           1          15  0.98740448530585267     
           2          16  0.97843229080331162     
           2          17  0.97868079033897093     
           3          18  0.97704547041187495     
           3          19  0.97491269946593995     
           4          20  0.97461200477571208     
           4          21  0.97581680102042057     
           5          22  0.96403262323978312     
           6          23  0.97626393103543807     
           6          24  0.97646576567738641     
           7          25  0.98662971968862045     
           7          26  0.98735218040229877     
           7          27  0.98493509322843664     
           8          28  0.96447472461099482     
           8          29  0.96403275847660530     
          11          30  0.96594355001460441     
          11          31  0.98375395221043394     
          11          32  0.96562824948861048     
