           1           2   1.0200236017729083     
           2           3   1.0070264470371768     
           3           4  0.97677280605929573     
           4           5   1.7312203219937325     
           4           6   1.1385316956264573     
           5           6  0.16871869379930038     
           6           7  0.93623656657970156     
           7           8  0.98286017902943679     
           8           9   1.0242801283261471     
           1          10  0.98747701496599816     
           1          11  0.98664556780087864     
           1          12  0.98748512919148634     
           2          13  0.97671426446976894     
           2          14  0.97724925394573969     
           3          15  0.94959056500501360     
           3          16  0.95417872441632334     
           7          17  0.96661487370670329     
           7          18  0.97290607950664298     
           8          19  0.96501763243315808     
           8          20  0.97103798801966845     
           9          21  0.85498746457148034     
