   -0.10558936
   -0.05199201
   -0.09005467
    0.35733097
   -0.41626649
   -0.27213375
    0.11854486
   -0.06169588
   -0.06104646
    0.00840134
   -0.04118869
   -0.03447274
   -0.03452904
   -0.04079618
    0.00727222
   -0.06655829
    0.03618407
    0.03636953
    0.04004463
    0.04612328
    0.04736318
    0.06447609
    0.06422700
    0.04189913
    0.04270076
    0.04431618
    0.05682670
    0.04243906
    0.02793418
    0.02930234
    0.02966604
    0.02913194
    0.04896117
    0.05680891
