           1           2   1.0199379199528134     
           2           3   1.0079916400596680     
           3           4  0.96994587139956900     
           4           5   1.7498870065508223     
           4           6   1.1366468652247126     
           5           6  0.17173303021826264     
           6           7  0.92262984983604091     
           7           8  0.99403027246360987     
           8           9   1.0063078646388166     
           9          10   1.0117779530638147     
          10          11   1.4053929378779602     
          11          12   1.4539326581919276     
          10          13  0.10632298620030681     
          12          13   1.4254863162674711     
          11          14  0.11050474456030301     
          13          14   1.4537174501724366     
          10          15   1.3966028841476104     
          12          15  0.10664932783190967     
          14          15   1.4064193064483468     
           7          16  0.98876468855436361     
          15          16   1.0097436627811058     
           1          17  0.98763315064078327     
           1          18  0.98761245887129112     
           1          19  0.98691561456035581     
           2          20  0.97724757177744703     
           2          21  0.97702566968075910     
           3          22  0.95556453690609022     
           3          23  0.95433605009286615     
           7          24  0.96042250069821633     
           8          25  0.97646109325113073     
           8          26  0.97503312398822994     
           9          27  0.95725832424414647     
           9          28  0.96929952898151017     
          11          29  0.96955238522948461     
          12          30  0.97122386199214739     
          13          31  0.97120610730395396     
          14          32  0.96966787919749053     
          16          33  0.95813381512245988     
          16          34  0.96430784113605150     
