           1           2   1.0193200480283195     
           2           3   1.0021835480878509     
           3           4  0.97555225022230496     
           4           5  0.98359354469847060     
           5           6  0.96363693808107487     
           6           7  0.99944193229492884     
           6           8  0.98979108772724400     
           8           9   1.4118624564863718     
           9          10   1.4479001206650797     
           8          11  0.10983565666830049     
          10          11   1.4357499400486877     
           9          12  0.11179438479253241     
          11          12   1.4415569245443747     
           8          13   1.4173227472603591     
          10          13  0.11116076648797270     
          12          13   1.4416468243396738     
           1          14  0.98752094134454538     
           1          15  0.98750182461852920     
           1          16  0.98668746965075604     
           2          17  0.97703127986632221     
           2          18  0.97680173813773141     
           3          19  0.96816539773181898     
           3          20  0.96766805317790727     
           5          21  0.96712819551441054     
           5          22  0.96650026234366715     
           6          23  0.95351048108562664     
           7          24  0.88630652887659833     
           9          25  0.96923663659400738     
          10          26  0.97102031730716898     
          11          27  0.97136095261976318     
          12          28  0.97084568893293977     
          13          29  0.96657610371232194     
