           1           2   1.0188522367775783     
           2           3  0.98642577062354553     
           3           4   1.0073862285829500     
           3           5  0.92354951667728735     
           5           6   1.1212069471240649     
           5           7  0.16957000043646517     
           6           7   1.6970887343786991     
           6           8   1.0370904555139508     
           8           9   1.7497111442751057     
           9          10   1.1494055137329042     
          10          11   1.4785696315314425     
          11          12   1.3332009891196004     
          10          13  0.12260142147966159     
          12          13   1.5669340580472133     
          10          14   1.0976172847429115     
          13          14   1.1595634295511907     
           1          15  0.98625615715617188     
           1          16  0.98711273253646836     
           1          17  0.98619325421661841     
           2          18  0.97675468944661248     
           2          19  0.97531455015891422     
           3          20  0.95910130697884244     
           4          21  0.98482261899096324     
           4          22  0.98207146156645264     
           4          23  0.98456947053766664     
           8          24  0.96399083214500758     
           9          25  0.95687214562019218     
          11          26  0.97416628284655860     
          12          27  0.97416656886516351     
          13          28  0.96566929283005265     
