           1           2   1.0089709436082410     
           2           3   1.0099272471440583     
           2           4  0.99232980304467711     
           4           5  0.99412282863859580     
           1           6  0.98673226961976557     
           1           7  0.98623454787165143     
           1           8  0.98673688293592343     
           2           9  0.96738298595072192     
           3          10  0.98471896472708165     
           3          11  0.98667226542784225     
           3          12  0.98704556667381826     
           4          13  0.97081774183357894     
           4          14  0.97090845283832017     
           5          15  0.90584354802796807     
