           1           2   1.0202320755225049     
           2           3   1.0030752788863373     
           3           4  0.98141524532063995     
           4           5  0.98620043538083002     
           5           6  0.99340435664657500     
           6           7   1.4188189141870173     
           7           8   1.4412538600815195     
           6           9  0.11030375740174773     
           8           9   1.4415970453903921     
           7          10  0.11061032942712574     
           9          10   1.4357561243243215     
           6          11   1.4109800929992480     
           8          11  0.11231421142403855     
          10          11   1.4488281306840758     
           1          12  0.98750639705977072     
           1          13  0.98637185366833202     
           1          14  0.98775928124009238     
           2          15  0.97647731650053782     
           2          16  0.97738310171720300     
           3          17  0.96737644662094369     
           3          18  0.96730709153990713     
           5          19  0.96419075369775065     
           5          20  0.95648500478951171     
           7          21  0.96894327342348241     
           8          22  0.97113900288384891     
           9          23  0.97148977123420366     
          10          24  0.97101665130338088     
          11          25  0.96817868245631900     
