   -0.10952667
    0.01330062
   -0.10730832
   -0.02320340
   -0.05262632
   -0.05919129
   -0.00353522
   -0.05554611
   -0.05324507
   -0.05818643
   -0.01991364
   -0.10455177
    0.01579041
   -0.10149660
   -0.05594714
    0.02700672
    0.02819809
    0.04463563
    0.04205986
    0.03961303
    0.03750307
    0.03457469
    0.02446816
    0.02912590
    0.03466124
    0.01848862
    0.03131931
    0.03380127
    0.03124163
    0.02704693
    0.02749229
    0.03088889
    0.03668030
    0.03319383
    0.03298356
    0.03478097
    0.03705696
    0.02831656
    0.03004945
