           1           2   1.9290117833448452     
           2           3   1.0253912816663437     
           2           4  0.99587496630612304     
           4           5  0.99089661399823659     
           5           6  0.99595738676425516     
           6           7   1.0094153332429123     
           7           8   1.8877040455933445     
           8           9   1.0235825493956914     
           9          10   1.0066153956352411     
          10          11  0.99747305910922668     
          11          12   1.0089444013586011     
           7          13  0.98499807628113145     
          11          13  0.96892595981637875     
          13          14  0.98759634663531448     
           4          15  0.98092817559790679     
          13          15  0.97391756730005941     
           1          16  0.97591981364338554     
           1          17  0.97556595994264350     
           3          18  0.96848161716309011     
           3          19  0.97224871846319738     
           3          20  0.98422089151188108     
           4          21  0.96086674417301954     
           5          22  0.97573751080655036     
           5          23  0.97696518154533507     
           6          24  0.97373904308560899     
           6          25  0.96039077760014668     
           8          26  0.96429918892156463     
           9          27  0.96825231530842160     
           9          28  0.95909290747326770     
          10          29  0.97330206473256409     
          10          30  0.97635416257980556     
          11          31  0.96616507678301289     
          12          32  0.98597486107008014     
          12          33  0.98565053273370196     
          12          34  0.98284449124703932     
          14          35  0.98158932582665814     
          14          36  0.97926679166556396     
          14          37  0.98266027745194751     
          15          38  0.97173594297499344     
          15          39  0.97179240268365974     
