           1           2  0.97516349146984571     
           2           3   1.5212286531079451     
           3           4   1.3201510066306503     
           2           5  0.10693544657338097     
           4           5   1.5519838179205041     
           5           6   1.2794453463682085     
           6           7   1.2810805128957479     
           7           8   1.5544289977945374     
           8           9   1.3249486753083661     
           7          10  0.11827984505325026     
           9          10   1.5494913893372799     
           2          11   1.2570402096245785     
           6          11   1.2407545718693409     
          10          11   1.2899826225287481     
           3          12  0.96828733952080348     
           4          13  0.96877600786828555     
           5          14  0.96748033428008151     
           7          15  0.96752522882635361     
           8          16  0.97044752420704594     
           9          17  0.97064379616882146     
          10          18  0.96099614183563109     
