           1           2  0.98821831512776070     
           2           3  0.99317213597833265     
           3           4   1.0085355191833250     
           4           5   1.0089699536362744     
           5           6   1.0079276026549320     
           2           7  0.95956142731745064     
           6           7  0.98379975407893916     
           7           8   1.0025548731946041     
           8           9   1.4099086566283419     
           9          10   1.4429532134057834     
          10          11   1.3983251301263053     
          11          12  0.95554713899600840     
           9          13  0.10902312639732084     
          11          13   1.3932548950745356     
           8          14   1.4038663914881080     
          10          14  0.11011182780551977     
          13          14   1.4493095894068790     
           1          15  0.89802646410491160     
           2          16  0.95832022635146030     
           3          17  0.97417583189159840     
           3          18  0.97474981998789456     
           4          19  0.97731137064611262     
           4          20  0.97701819818762170     
           5          21  0.97618904359887249     
           5          22  0.97706029873591616     
           6          23  0.97703798175860634     
           6          24  0.97441197157886217     
           7          25  0.96368243931851927     
           9          26  0.96747084941108741     
          10          27  0.96702546233144560     
          13          28  0.96719498619235766     
          14          29  0.96579507295983691     
