           1           2  0.99102831673065961     
           2           3   1.7443064172606926     
           2           4   1.1272926286757297     
           3           4  0.16840654402353689     
           4           5  0.93930684862380931     
           5           6  0.99351863663842888     
           5           7  0.92383064023876005     
           7           8   1.7479050610344156     
           7           9   1.1705627606090452     
           8           9  0.18083889093998348     
           9          10  0.90482139788475835     
          10          11   1.0072079113255008     
          10          12   1.0021783785788163     
           1          13  0.95161355530838510     
           1          14  0.97692868550076173     
           1          15  0.97683573102048837     
           5          16  0.95713814731497804     
           6          17  0.98058508703558078     
           6          18  0.98329718441865188     
           6          19  0.98320278585098053     
          10          20  0.96047370635469398     
          11          21  0.98315847007340695     
          11          22  0.98540020889229629     
          11          23  0.98407657829794037     
          12          24  0.98205270935287270     
          12          25  0.98478402542991705     
          12          26  0.98349083448009689     
