           1           2   1.0195464943882890     
           2           3   1.0043650571750722     
           3           4   1.0050979530868864     
           4           5  0.90971069409781202     
           5           6   1.1929315552016062     
           5           7  0.19670913500537646     
           6           7   1.7704126790389394     
           6           8  0.90625969261479566     
           8           9  0.99048241630087275     
           8          10  0.96404877256463961     
           8          11  0.96404972902296382     
           1          12  0.98738476738575465     
           1          13  0.98646044557098722     
           1          14  0.98738476585079460     
           2          15  0.97786530873464128     
           2          16  0.97786532113433311     
           3          17  0.97413562676745302     
           3          18  0.97413563534505831     
           4          19  0.96671566522245844     
           4          20  0.96671535231966255     
