           1           2   1.0100032624675093     
           2           3  0.98611877379737967     
           2           4  0.96978732739620976     
           4           5   1.8349347688360775     
           4           6   1.0161032877060587     
           6           7   1.3832913450468813     
           7           8   1.4542781851210491     
           6           9  0.10397856603355515     
           8           9   1.4334661477669557     
           7          10  0.10726454779533298     
           9          10   1.4324410028077970     
           6          11   1.3872927235404635     
           8          11  0.10748349254828957     
          10          11   1.4535691590276119     
           1          12  0.98586658405148386     
           1          13  0.98504432407833875     
           1          14  0.98647078729490889     
           2          15  0.94703517208168464     
           3          16  0.98471955087661334     
           3          17  0.98728832948344503     
           3          18  0.98374404922854630     
           7          19  0.96616681660037940     
           8          20  0.96989481369287145     
           9          21  0.97106455232753142     
          10          22  0.97052010233184738     
          11          23  0.96467624501973270     
