           1           2  0.99399788013034240     
           2           3  0.99350665019664242     
           2           4  0.96610062699328991     
           2           5  0.94051617728630221     
           5           6  0.99729336776867139     
           5           7  0.98843159643277212     
           5           8  0.98711604589766089     
           1           9  0.98230061420362258     
           1          10  0.98329171392849546     
           1          11  0.98393109958950686     
           3          12  0.98330453988727473     
           3          13  0.98386856365233133     
           3          14  0.98215598639775115     
           4          15  0.89796642932404047     
           6          16  0.98312503315394117     
           6          17  0.98379137763036706     
           6          18  0.98276360357032677     
           7          19  0.98446228791800083     
           7          20  0.98487984395400108     
           7          21  0.98343139284243319     
           8          22  0.88324753763874431     
