           1           2  0.98328266541275899     
           2           3   1.7501896748906689     
           2           4   1.1400494451465670     
           3           4  0.17374042138194057     
           4           5  0.91899681714653503     
           5           6  0.99439495568045622     
           6           7   1.0063899895384603     
           7           8   1.0092089136087807     
           8           9   1.0092537373251202     
           5          10  0.98912981891422724     
           9          10   1.0064856342282282     
           1          11  0.96543123906546646     
           1          12  0.98371304984243335     
           1          13  0.96583946054103342     
           5          14  0.95961939206155955     
           6          15  0.97461244413194859     
           6          16  0.97605788285394302     
           7          17  0.97696701500498762     
           7          18  0.97725797594100050     
           8          19  0.97706015376589717     
           8          20  0.97720123437775497     
           9          21  0.97674353725481977     
           9          22  0.97712432930278814     
          10          23  0.97575517357452834     
          10          24  0.97537610788295970     
