           1           2   1.0101826429413423     
           2           3  0.99377995832552801     
           3           4   1.2401885861008473     
           4           5  0.97624963779793594     
           3           6  0.19605460767673852     
           4           6   1.6977931511217212     
           1           7  0.98696273123279887     
           1           8  0.98437067567269620     
           1           9  0.98711518186991731     
           2          10  0.96647367506843329     
           2          11  0.96981583855282527     
           3          12  0.94521909737004550     
           5          13  0.97207050822698859     
           5          14  0.97341274949922485     
           5          15  0.98406714070935342     
