           1           2   1.0431266643587012     
           2           3   1.9263038680966913     
           3           4   1.0112132137217411     
           4           5  0.91958107748338636     
           5           6   1.1630362861197818     
           5           7  0.17547426881117079     
           6           7   1.7313407721370144     
           6           8  0.94456366124624469     
           8           9  0.95251421953829163     
           9          10   1.0173202540239581     
           9          11   1.8713029726166921     
           1          12  0.96790898947064230     
           1          13  0.98504836010246488     
           1          14  0.96798687930038629     
           2          15  0.96414373379396789     
           3          16  0.96257673628056195     
           4          17  0.95708565005909030     
           4          18  0.96838096155015763     
           8          19  0.95016176445037470     
           8          20  0.97031754132877146     
          10          21  0.98072124672788086     
          10          22  0.95311683498401800     
          10          23  0.95269659505657012     
