   -0.10522070
   -0.05695769
   -0.07001370
    0.07943434
   -0.30539223
    0.66893802
   -0.47848185
   -0.29072854
    0.07900633
   -0.06780071
   -0.05434152
   -0.10498932
   -0.31718196
    0.07949891
   -0.06996939
   -0.05852604
   -0.10391954
    0.03942684
    0.03841238
    0.04056102
    0.03781463
    0.03492346
    0.04860368
    0.04832801
    0.05128834
    0.05301015
    0.04748847
    0.05261094
    0.05555963
    0.04452288
    0.04517447
    0.03577551
    0.03535791
    0.03788799
    0.03826625
    0.04700829
    0.05291058
    0.04742331
    0.04397012
    0.04209510
    0.04838975
    0.03594030
    0.04038413
    0.03351147
