           1           2   1.0195282478626253     
           2           3   1.0061662310834700     
           3           4   1.0035229817714542     
           4           5  0.93393707770177614     
           5           6   1.1646631119933275     
           6           7   1.8780660778016622     
           6           8   1.2036666830418492     
           8           9  0.92285611123905531     
           9          10   1.0032063726570177     
          10          11   1.0085248970285923     
          11          12   1.0194792564775097     
           6          13   1.1515289125808321     
          13          14  0.93380781533316193     
          14          15   1.0026824469752504     
          15          16   1.0090734288068230     
          16          17   1.0190012852848855     
           1          18  0.98762077890815902     
           1          19  0.98767964270743458     
           1          20  0.98690945522660389     
           2          21  0.97795620393939942     
           2          22  0.97785972726524761     
           3          23  0.97515522905859475     
           3          24  0.96824755296235632     
           4          25  0.96986818492487648     
           4          26  0.97040235035421307     
           9          27  0.97214289314732394     
           9          28  0.96974071361524650     
          10          29  0.97406129033150912     
          10          30  0.97310171184139715     
          11          31  0.97443147627582216     
          11          32  0.97736635532544536     
          12          33  0.98761467458191943     
          12          34  0.98766828997946476     
          12          35  0.98720534512729063     
          14          36  0.97137747432006216     
          14          37  0.96628037330209926     
          15          38  0.97479165838101745     
          15          39  0.97385234556651290     
          16          40  0.97680772843653196     
          16          41  0.96458077051421576     
          17          42  0.98747611785811018     
          17          43  0.98712190918789222     
          17          44  0.98790452778698712     
