           1           2   1.9797900364729035     
           2           3  0.98913763845071645     
           3           4  0.97424854959181129     
           3           5  0.98137018323058545     
           3           6  0.96388556403304804     
           6           7  0.98900026195239588     
           7           8   1.0227562569082695     
           8           9   1.8851610793409335     
           9          10   1.0206791440159220     
           9          11   1.0228810965016391     
           1          12  0.97635187474366480     
           1          13  0.97234301295520564     
           2          14  0.96593889321309734     
           4          15  0.98602139196795280     
           4          16  0.98418055172204322     
           4          17  0.98566500180166905     
           5          18  0.89896785408434232     
           6          19  0.97769862899233295     
           6          20  0.97401500736941782     
           7          21  0.96862434489639759     
           7          22  0.96697603720371506     
           8          23  0.96483325820974664     
          10          24  0.97436358773090048     
          10          25  0.98545138750344474     
          10          26  0.97382515386203239     
          11          27  0.97219253991545218     
          11          28  0.98008842675213759     
          11          29  0.97481184869815884     
