           1           2   1.7479889073872614     
           2           3  0.96415496776697296     
           3           4   1.0179112360436149     
           4           5  0.95319885773820157     
           1           6  0.17409848858938981     
           2           6   1.1450692470895323     
           6           7  0.94390433078183156     
           7           8  0.97485440014662950     
           8           9  0.98171391090644256     
           9          10   1.0070239780942327     
          10          11  0.99931605147382252     
           8          12  0.98224530574666513     
          11          12  0.98201021067386063     
           3          13  0.95114919063155534     
           3          14  0.95331834867387499     
           4          15  0.97731793647821907     
           4          16  0.97666357214670196     
           7          17  0.96912292608916117     
           7          18  0.96674052135683264     
           8          19  0.96147613327306358     
           9          20  0.98045456496596750     
           9          21  0.97915056044854210     
          10          22  0.97932827965866254     
          10          23  0.97979888807813120     
          11          24  0.97228167379858865     
          11          25  0.97006529781752837     
