           1           2   1.0197481972881255     
           2           3   1.0076079459659024     
           3           4   1.0064281656978733     
           4           5  0.93281400680596305     
           5           6   1.1351624815359234     
           5           7  0.17479424814627692     
           6           7   1.7633890752112358     
           6           8  0.95897736196379846     
           8           9   1.0149950357707271     
           9          10  0.99991486260169693     
          10          11  0.99576789242994934     
          11          12  0.98705687701117251     
          12          13  0.99167845086571826     
           9          14   1.0017822690468738     
          13          14  0.99361676600363058     
           1          15  0.98770778804001957     
           1          16  0.98706766876706320     
           1          17  0.98762477375535762     
           2          18  0.97741304259006045     
           2          19  0.97805648366577769     
           3          20  0.97445420591651033     
           3          21  0.97365863554485699     
           4          22  0.96780708214120403     
           4          23  0.96839853909885265     
           8          24  0.94798317916680430     
           8          25  0.94415360757441436     
          10          26  0.96342915239848126     
          10          27  0.97019623907666253     
          11          28  0.97069828701518834     
          11          29  0.96615758598814028     
          13          30  0.96589496846991851     
          13          31  0.97065666694112196     
          14          32  0.96348586539297254     
          14          33  0.97247583525618642     
