           1           2   1.0550298602348624     
           2           3   1.8524001675961790     
           3           4   1.0282139085681901     
           4           5   1.7115866187946667     
           4           6   1.1152275896694013     
           5           6  0.16848920203697232     
           6           7  0.94241056297592529     
           7           8   1.0194268238636954     
           1           9  0.96116865457067058     
           1          10  0.98405845940881131     
           1          11  0.96116862327723918     
           2          12  0.96055559900175980     
           3          13  0.96364650174074973     
           7          14  0.96849252545376696     
           7          15  0.96849253707573979     
           8          16  0.98409471750839661     
           8          17  0.98547106670275586     
           8          18  0.98547106153188091     
