           1           2   1.0133631112700141     
           2           3  0.91968838288680954     
           3           4   1.1526717998916927     
           3           5  0.16979454938850991     
           4           5   1.7213383728682377     
           4           6   1.0023196294557444     
           5           6  0.10367184875279714     
           6           7   1.0018947629092914     
           6           8  0.10348577383771534     
           7           8   1.7219428611353529     
           7           9   1.1525020012608105     
           8           9  0.16993495511797096     
           9          10  0.91970219243636564     
          10          11   1.0133270841963389     
           6          12   1.0014541808608084     
           6          13  0.10331418408674164     
          12          13   1.7219066966258225     
          12          14   1.1529418325995633     
          13          14  0.17005533186562630     
          14          15  0.91965595801745170     
          15          16   1.0132905969997554     
           1          17  0.98238606622722036     
           1          18  0.98452702754945842     
           1          19  0.98403558869851360     
           2          20  0.96948607661163133     
           2          21  0.97145579067140930     
          10          22  0.97143295645333494     
          10          23  0.96947492074576058     
          11          24  0.98238273292537159     
          11          25  0.98455467173131195     
          11          26  0.98401566183290790     
          15          27  0.97142148417828178     
          15          28  0.96946890603601354     
          16          29  0.98459235657266930     
          16          30  0.98398037980384756     
          16          31  0.98238636396382606     
