           1           2   1.0031634247667116     
           2           3   1.0084236687637615     
           2           4  0.90423195008746715     
           4           5   1.1742970001819386     
           4           6  0.17262589082631880     
           5           6   1.7198329703439903     
           5           7  0.92519591222952835     
           7           8   1.0164239236230241     
           7           9  0.95267155416021521     
           9          10   1.4192116324326476     
          10          11   1.4372893295270952     
           9          12  0.10827710397899575     
          11          12   1.4442829141820586     
          10          13  0.11005704114600653     
          12          13   1.4322772256941902     
           9          14   1.4051418501084691     
          11          14  0.11237489203827797     
          13          14   1.4513082353643914     
           1          15  0.98412391321796977     
           1          16  0.98502138303889997     
           1          17  0.98288087808176372     
           2          18  0.96149589752694564     
           3          19  0.98404739282042830     
           3          20  0.98447499218527612     
           3          21  0.98303178150837422     
           7          22  0.94340390161785825     
           8          23  0.86846039791907925     
          10          24  0.96616243739997310     
          11          25  0.97065194430787582     
          12          26  0.97120186282906618     
          13          27  0.97085274619156181     
          14          28  0.96835966270366414     
