   -0.08723376
   -0.02989683
    0.01688421
   -0.09789515
   -0.05727856
   -0.05077476
   -0.05807309
    0.00094032
   -0.10683228
   -0.05796527
   -0.04658155
   -0.06057638
    0.00602826
   -0.10590724
   -0.10872374
    0.03055057
    0.04510329
    0.03158400
    0.03260246
    0.03251341
    0.03554347
    0.03860806
    0.03771467
    0.03142660
    0.02256447
    0.03501572
    0.04120658
    0.04023770
    0.03567069
    0.03515108
    0.02931037
    0.02921939
    0.02310149
    0.03898587
    0.04060646
    0.03994940
    0.04100197
    0.03543215
    0.04078597
