           1           2   1.8958127805135416     
           2           3   1.0953484512348663     
           1           4  0.13530770924111379     
           3           4   1.8438728468198018     
           3           5   1.0087600668528482     
           5           6  0.96966703801839405     
           6           7   1.0251147415844641     
           7           8   1.8791305847828932     
           8           9   1.0221394927400058     
           8          10   1.0108188108877159     
          10          11  0.96776015919617930     
          11          12   1.0228090149433324     
          12          13   1.8823834407053108     
          13          14   1.0240488432456865     
          13          15   1.0214192806145981     
           1          16  0.97876930000702911     
           1          17  0.96915524287797084     
           2          18  0.96384100425924224     
           4          19  0.97754225997639388     
           4          20  0.97604574752120810     
           5          21  0.97539110653145134     
           5          22  0.96679841350710827     
           6          23  0.96841790345209666     
           6          24  0.96937819486724508     
           7          25  0.96444946407065890     
           9          26  0.98510167982395769     
           9          27  0.97237385397591836     
           9          28  0.97269461002676660     
          10          29  0.96770334833636185     
          10          30  0.97333477563638637     
          11          31  0.96876079501568002     
          11          32  0.96999570100307797     
          12          33  0.96474944363201021     
          14          34  0.97428319060899793     
          14          35  0.97167431676073424     
          14          36  0.98017770483916400     
          15          37  0.97394838393437433     
          15          38  0.98538737112114894     
          15          39  0.97342289642838487     
