           1           2  0.99597396646493808     
           2           3   1.8199110572198811     
           2           4   1.0320053314281412     
           4           5   1.3823871488310440     
           5           6   1.4333676627876761     
           6           7   1.0245117783731736     
           6           8   1.3900781125104518     
           5           9  0.10342441473066397     
           8           9   1.4546589889829202     
           4          10   1.3495475696738328     
           9          10   1.4076447214335646     
          10          11   1.0368677479629014     
           1          12  0.95631177000863188     
           1          13  0.98149276793962204     
           1          14  0.97413406806158698     
           5          15  0.96425019470660656     
           7          16  0.98077460255672000     
           7          17  0.98299944138382545     
           7          18  0.96773901258732131     
           8          19  0.96928224606599944     
           9          20  0.96744982495534693     
          11          21  0.98379489763167005     
          11          22  0.96822484926216990     
          11          23  0.96030891477524227     
