   -0.11099329
    0.00308855
   -0.11233547
   -0.00250385
   -0.11225767
    0.25269723
   -0.42914742
    0.06299383
   -0.31031050
    0.11593905
   -0.06577137
   -0.05639774
   -0.05876708
   -0.05861334
   -0.06536584
    0.03680869
    0.04661991
    0.05452765
    0.04004850
    0.07492294
    0.05431226
    0.04433843
    0.04821522
    0.04173480
    0.04772696
    0.05509779
    0.02625107
    0.02736259
    0.04129178
    0.01935882
    0.02983851
    0.02934360
    0.02924747
    0.03491220
    0.03453286
    0.03313149
    0.05337905
    0.04474229
