           1           2   1.0096853312443352     
           2           3  0.97894036335251478     
           3           4  0.99344124124743427     
           4           5   1.0057617780318955     
           3           6   1.2404841401472131     
           3           7  0.19536113016785106     
           6           7   1.6840168253655179     
           6           8  0.94243513522526146     
           8           9   1.0083921881909454     
           9          10  0.95646044411359532     
          10          11  0.98705177734865890     
          11          12   1.0075163610986035     
          12          13   1.0091517800476635     
          13          14   1.0089124142409132     
          10          15  0.99218131274712607     
          14          15   1.0080637356823023     
           1          16  0.98558005657455439     
           1          17  0.98428400145422090     
           1          18  0.98641479657555242     
           2          19  0.97160651523593078     
           2          20  0.96591440277494511     
           4          21  0.96949498727401817     
           4          22  0.96833124720201136     
           5          23  0.98459693662473924     
           5          24  0.98480786818396648     
           5          25  0.98537634193681578     
           8          26  0.95134048931778770     
           8          27  0.95145294882896536     
          10          28  0.96207943614723412     
          11          29  0.97619590022750624     
          11          30  0.97508953541235366     
          12          31  0.97757746762541964     
          12          32  0.97757207734844154     
          13          33  0.97753319413089745     
          13          34  0.97745766183019911     
          14          35  0.97734722734589408     
          14          36  0.97723351071429199     
          15          37  0.97472000217789523     
          15          38  0.97529536733189715     
