           1           2   1.9063704144831695     
           2           3  0.98722881848442545     
           2           4   1.0084111390573987     
           4           5  0.94106889174056751     
           5           6   1.1235129149860024     
           5           7  0.16983369540293045     
           6           7   1.7599016232592151     
           6           8  0.95295839997768395     
           8           9  0.98137022064934598     
           9          10   1.4136631394760495     
          10          11   1.4421875846339565     
           9          12  0.10825029636051638     
          11          12   1.4405358814717160     
          10          13  0.11055806959017857     
          12          13   1.4358734439236274     
           9          14   1.4085884528119106     
          11          14  0.11160565897394524     
          13          14   1.4477845774439280     
           1          15  0.97049444169197818     
           1          16  0.96537230987240963     
           4          17  0.95487457716925939     
           4          18  0.96158570453578662     
           8          19  0.96776396675374077     
           8          20  0.96216361417468832     
          10          21  0.96861092806424942     
          11          22  0.97078494593960962     
          12          23  0.97127456399473233     
          13          24  0.97092879761572770     
          14          25  0.96859467179546632     
