   -0.10485558
    0.01603552
   -0.04594580
   -0.02908189
   -0.02383942
   -0.01073258
   -0.10565723
   -0.10314066
   -0.05412655
   -0.06174816
    0.00237033
   -0.10128783
   -0.05174702
   -0.04959426
   -0.05853537
    0.02789180
    0.02618016
    0.02978751
    0.03466114
    0.03228664
    0.02482337
    0.03397394
    0.03131193
    0.03830031
    0.03733708
    0.03177418
    0.03204401
    0.02772912
    0.03597509
    0.03264003
    0.03126465
    0.03863957
    0.03605408
    0.03968832
    0.02269979
    0.03241523
    0.03131080
    0.03959622
    0.03350151
