           1           2   1.8538811092107728     
           2           3   1.0845226280809852     
           1           4  0.10325269842812587     
           3           4   1.8507638030330291     
           4           5   1.0194876410791061     
           5           6  0.96335951152042076     
           6           7   1.0092866214326313     
           6           8   1.0103247283604984     
           5           9  0.98427068709624332     
           9          10  0.98796125851814975     
          10          11   1.0107164277941134     
          11          12   1.0240418664674238     
          11          13   1.8738929093444785     
          13          14   1.0274865338017971     
           2          15   1.0089258428744825     
          14          15  0.96567902642722003     
           1          16  0.97709508260664979     
           1          17  0.97725660292669025     
           3          18  0.95880251681164363     
           4          19  0.95785620759003876     
           5          20  0.96320370960452339     
           6          21  0.96783613822679393     
           7          22  0.98599533598904832     
           7          23  0.98667627406490732     
           7          24  0.98554824401371022     
           8          25  0.98536679195710597     
           8          26  0.98633195277156549     
           8          27  0.98358239398677050     
           9          28  0.97465133420952854     
           9          29  0.97290050455694621     
          10          30  0.96940936751597584     
          10          31  0.97465335222403227     
          12          32  0.97814319723979326     
          12          33  0.98016269377281995     
          12          34  0.96554833742107649     
          13          35  0.96521665929811007     
          14          36  0.96638925907306139     
          14          37  0.97846778823564451     
          15          38  0.96473977404190125     
          15          39  0.97492117127486566     
