           1           2   1.0204930044647558     
           2           3  0.96385338207247739     
           3           4  0.97263768333012579     
           3           5  0.96404492480336379     
           5           6  0.96456907857011420     
           6           7   1.0022893802942516     
           6           8  0.98923771382177683     
           8           9  0.97834592710996826     
           9          10  0.98982403460572921     
           9          11  0.98741228405663195     
           3          12  0.96317410994496733     
           9          12  0.95190642556337590     
           1          13  0.98702223236573738     
           1          14  0.98642040534584652     
           1          15  0.98603569750936959     
           2          16  0.97673453960363832     
           2          17  0.97626164589776898     
           4          18  0.98558378325786233     
           4          19  0.98588187795085258     
           4          20  0.97810335677933835     
           6          21  0.95450685087591280     
           7          22  0.98483272799327459     
           7          23  0.98527753308938504     
           7          24  0.98583974413083297     
           8          25  0.97630692353567583     
           8          26  0.97345729497265732     
          10          27  0.98458001128439843     
          10          28  0.98564740795235861     
          10          29  0.98458455184676996     
          11          30  0.98517362394451535     
          11          31  0.98512504178786531     
          11          32  0.97935651467566953     
