           1           2   1.0092128786895413     
           2           3  0.99484935645260975     
           3           4   1.0175486767369799     
           4           5   1.9188221209247955     
           2           6  0.99401246576555846     
           6           7  0.98464077648831216     
           7           8  0.99955754854153411     
           7           9  0.99961767178727301     
           7          10  0.99653111664887017     
           1          11  0.98540477265408521     
           1          12  0.98706698126389181     
           1          13  0.98618228219414417     
           2          14  0.95884093728498188     
           3          15  0.93007344303036898     
           3          16  0.94929416622500518     
           4          17  0.93064394506965609     
           6          18  0.97360231396476604     
           6          19  0.97560386623015138     
           8          20  0.98449510002781127     
           8          21  0.98484540572019841     
           8          22  0.98353489777294589     
           9          23  0.98547785062931681     
           9          24  0.98589615444660339     
           9          25  0.98119233074280687     
          10          26  0.98603213936804202     
          10          27  0.98554067688062130     
          10          28  0.98614243687091518     
