           1           2   1.0191952774675765     
           2           3   1.0090702028979697     
           3           4  0.99582969586239056     
           4           5  0.96692752727881515     
           5           6   1.1326194036048354     
           5           7  0.14017705550330964     
           6           7   1.7600151771865107     
           6           8  0.95587200725425536     
           8           9  0.96137615528065334     
           9          10   1.0245906793870085     
          10          11   1.9246665469959556     
          11          12   1.0250072427642698     
           8          13  0.99209633265388286     
          12          13  0.96255187809354237     
           5          14   1.1324839070477757     
          13          14  0.95655117889008712     
           5          15  0.14112446323305730     
          14          15   1.7581219559417716     
           1          16  0.98722458138684244     
           1          17  0.98770798254621983     
           1          18  0.98774847336988891     
           2          19  0.97744581230805383     
           2          20  0.97790694271333867     
           3          21  0.97312555949518365     
           3          22  0.97467123313666570     
           4          23  0.96740473190994947     
           4          24  0.96718740873230091     
           8          25  0.95304906892071073     
           9          26  0.95767938471040337     
           9          27  0.97703584645048147     
          10          28  0.96790087949822357     
          11          29  0.96790593788330836     
          12          30  0.97707211361445223     
          12          31  0.95686082242194082     
          13          32  0.95161180132926348     
