           1           2   1.0145147974706474     
           2           3   1.8702722553559523     
           2           4  0.96142648973944844     
           4           5   1.0030153485959994     
           4           6  0.96971008503349787     
           6           7  0.99559395738193046     
           1           8  0.95234075679354180     
           1           9  0.95814309555841271     
           1          10  0.98304741297689247     
           4          11  0.96505550609196566     
           5          12  0.98389558280637057     
           5          13  0.98640049764008586     
           5          14  0.98501766097431342     
           6          15  0.96688171155332792     
           6          16  0.97161571252421675     
           7          17  0.90057505564849749     
