   -0.10234411
   -0.06052982
    0.00295242
   -0.10297807
   -0.00636044
   -0.06192623
   -0.10567184
    0.26650460
   -0.45908478
   -0.07866148
   -0.07975230
    0.25214066
   -0.14146517
   -0.37124729
    0.03529369
    0.03727975
    0.03187142
    0.03817642
    0.05574999
    0.06144192
    0.04153237
    0.05181763
    0.04613225
    0.03824423
    0.04862597
    0.03683468
    0.04409794
    0.03577174
    0.06586960
    0.04432791
    0.06417560
    0.05601784
    0.05854064
    0.06381147
    0.09281082
