           1           2   1.0205728708324493     
           2           3  0.99711883353917263     
           3           4  0.97977917088834698     
           4           5  0.99238385553773645     
           5           6  0.99168449419568838     
           6           7   1.0188702061619574     
           4           8   1.2556261802492670     
           4           9  0.18933256190938572     
           8           9   1.6582895825891901     
           8          10  0.96422242899662192     
          10          11   1.0001492251221833     
          11          12  0.97926618107552710     
          12          13   1.0141123190886490     
          12          14   1.8589188166891339     
           1          15  0.98731556588346914     
           1          16  0.98686457427552077     
           1          17  0.98737750156411697     
           2          18  0.97581569706097737     
           2          19  0.97530677132399457     
           3          20  0.96675204173218776     
           3          21  0.97275892922935170     
           5          22  0.96941367291199698     
           5          23  0.96759397004628833     
           6          24  0.97713533062495839     
           6          25  0.97406403929388985     
           7          26  0.98748198081949168     
           7          27  0.98619814514676352     
           7          28  0.98762970071775613     
          10          29  0.96017597623219464     
          10          30  0.95887471826677495     
          11          31  0.97246117769067553     
          11          32  0.95081677845530566     
          13          33  0.96732518356582653     
          13          34  0.98270377700207900     
          13          35  0.94637645346062405     
