           1           2   1.0018982937544059     
           2           3   1.0105897087548175     
           3           4   1.4150178991971889     
           4           5   1.4150178012425907     
           5           6   1.0105897016715970     
           6           7   1.0018982965165657     
           3           8  0.10514978286171923     
           5           8   1.4150178746656188     
           4           9  0.10514978276909182     
           8           9   1.4150178326812748     
           9          10   1.0105897068687113     
          10          11   1.0018982898798328     
           3          12   1.4150178133816231     
           5          12  0.10514983179658380     
           9          12   1.4150178781120666     
           1          13  0.98850176367926257     
           1          14  0.98666169838648587     
           1          15  0.98850174053246798     
           2          16  0.97473545344984169     
           2          17  0.97473531937846347     
           4          18  0.96769586625585768     
           6          19  0.97473539565502865     
           6          20  0.97473538083555356     
           7          21  0.98850175299794163     
           7          22  0.98850175542455188     
           7          23  0.98666169792897374     
           8          24  0.96769586521457718     
          10          25  0.97473533467409190     
          10          26  0.97473544161740522     
          11          27  0.98666170013534615     
          11          28  0.98850174156849058     
          11          29  0.98850176114572008     
          12          30  0.96769587450019745     
