           1           2   1.9341349201297271     
           2           3   1.0284728507000194     
           2           4  0.99890901874200588     
           4           5  0.92609124660034781     
           5           6   1.1084910716792566     
           5           7  0.14892701760609506     
           6           7   1.6689440731073586     
           6           8   1.1056468641297106     
           7           8  0.14799460713922696     
           8           9  0.93073153230430217     
           9          10   1.0196637274011340     
           1          11  0.97442896398676060     
           1          12  0.97474967074344621     
           3          13  0.98453389208102937     
           3          14  0.96724194670000774     
           3          15  0.96883546735631654     
           4          16  0.95864929204726290     
           4          17  0.96764054022235424     
           9          18  0.97030222905707464     
           9          19  0.97028221560069050     
          10          20  0.98470957191743080     
          10          21  0.98472749330251097     
          10          22  0.98311812330453319     
