           1           2   1.0235463881432587     
           2           3   1.4218014247463771     
           3           4   1.4331217183272200     
           4           5   1.3842260162951190     
           3           6  0.10363213404541799     
           5           6   1.3230167292901547     
           2           7   1.3890816145228526     
           4           7  0.10156975401917909     
           6           7   1.4506369171966376     
           6           8   1.0103207948363089     
           8           9  0.98609318650691513     
           9          10   1.0055506721064054     
           5          11   1.0623239457850027     
           9          11  0.95108919520720359     
           1          12  0.96948336753010511     
           1          13  0.98239295916611780     
           1          14  0.98285228100826894     
           3          15  0.96963552918641549     
           4          16  0.96875030450504918     
           7          17  0.96832673780420875     
           8          18  0.96694896418447451     
           8          19  0.96634813778302830     
           9          20  0.96695581388755047     
          10          21  0.98471455783220008     
          10          22  0.98428940399127374     
          10          23  0.98561471158592051     
