           1           2  0.94655576618540305     
           2           3   1.1967652161449727     
           2           4  0.17651264240555384     
           3           4   1.6940547869389910     
           3           5  0.90252800760431118     
           5           6  0.95524631114147873     
           5           7   1.0168681771815566     
           5           8  0.92357362791588582     
           8           9   1.8480969067928090     
           8          10  0.96800886542033571     
          10          11  0.96241405289246473     
          10          12   1.0197853334309757     
           1          13  0.97595570342752047     
           1          14  0.97538342414297430     
           1          15  0.97981844104067561     
           6          16  0.98196742725403507     
           6          17  0.97495295330599208     
           6          18  0.98084994749948251     
           7          19  0.85278149096604283     
          10          20  0.93679873111140088     
          11          21  0.98131248518749636     
          11          22  0.98540535983827660     
          11          23  0.98450121794434953     
          12          24  0.84624077691695643     
