           1           2   1.0191554034319690     
           2           3   1.0074481147467051     
           3           4   1.0063182118698948     
           4           5   1.0059597947222390     
           5           6  0.98321449647915915     
           6           7   1.0396832376041516     
           7           8   1.8536987572020518     
           8           9   1.0316323302343180     
           9          10   1.7212566380610304     
           9          11   1.1031666787642151     
          10          11  0.16509187659942134     
          11          12  0.96290814176363504     
           1          13  0.98737581053604362     
           1          14  0.98791393448815779     
           1          15  0.98795636180045909     
           2          16  0.97860561030007753     
           2          17  0.97853627103463059     
           3          18  0.97749350672212976     
           3          19  0.97731608493024491     
           4          20  0.97716195242023018     
           4          21  0.97722415975449251     
           5          22  0.97739088912179450     
           5          23  0.97821436833073061     
           6          24  0.95308655884854598     
           6          25  0.97413710549382804     
           7          26  0.96103637303954481     
           8          27  0.96154510205816368     
          12          28  0.97670511766452539     
          12          29  0.97666451630035711     
          12          30  0.98213302987103934     
