           1           2   1.0064239946601194     
           2           3  0.99217196907705552     
           3           4  0.98221396788061233     
           4           5   1.0089607342448792     
           3           6   1.2433865491544638     
           3           7  0.19834089544685191     
           6           7   1.6677301442159003     
           6           8  0.95549749612891521     
           8           9   1.3977153843130496     
           9          10   1.4435467818158436     
           8          11  0.10771826074944194     
          10          11   1.4397280355197284     
           9          12  0.10815964039564692     
          11          12   1.4139365535838693     
          12          13   1.0254828272759327     
           8          14   1.4189651546050741     
          10          14  0.10891686599149689     
          12          14   1.4074667699698262     
           1          15  0.98581666291251979     
           1          16  0.98501016187708579     
           1          17  0.98484040790221616     
           2          18  0.97085181443377810     
           2          19  0.96620417693805827     
           4          20  0.96565219429918070     
           4          21  0.97153525170068455     
           5          22  0.98683587826159191     
           5          23  0.98581508788976824     
           5          24  0.98458873686722781     
           9          25  0.97040943448115091     
          10          26  0.97030644267516641     
          11          27  0.96937417720191066     
          13          28  0.96698678901884827     
          13          29  0.98380065737341538     
          13          30  0.97942310729945126     
          14          31  0.96806028293310464     
