           1           2   1.0191700928639191     
           2           3   1.0077329127910177     
           3           4   1.0070895212243973     
           4           5   1.0068329785327175     
           5           6   1.0066954201442639     
           6           7  0.99299590484742484     
           7           8   1.0012526101223356     
           7           9  0.91997056683582756     
           9          10   1.1427383247522853     
          10          11  0.98286647768084368     
           9          12  0.17434978198981077     
          10          12   1.7493882950726936     
           1          13  0.98797915825960203     
           1          14  0.98747107476067075     
           1          15  0.98793622395413738     
           2          16  0.97859633588453621     
           2          17  0.97860626903516601     
           3          18  0.97748004306872283     
           3          19  0.97736345697296556     
           4          20  0.97744698535992414     
           4          21  0.97728138612724169     
           5          22  0.97694167686864775     
           5          23  0.97670744990380864     
           6          24  0.97385410596890765     
           6          25  0.97434929307248708     
           7          26  0.95925468543217640     
           8          27  0.98425424944177453     
           8          28  0.98401481147962977     
           8          29  0.98572993413599141     
          11          30  0.98377512576659631     
          11          31  0.96478007819507805     
          11          32  0.96687944173165397     
