           1           2   1.0192498471418312     
           2           3   1.0063595155401224     
           3           4   1.0074620575975646     
           4           5  0.98320269758940460     
           5           6  0.98684416398638142     
           6           7   1.0198010585939838     
           5           8  0.98040132937060098     
           8           9  0.98666313203493783     
           5          10  0.96880684903373770     
          10          11   1.0164014219355417     
           1          12  0.98795059569499355     
           1          13  0.98733703161344200     
           1          14  0.98787237528066751     
           2          15  0.97849502780124853     
           2          16  0.97839231649136471     
           3          17  0.97544249171950603     
           3          18  0.97417858331795248     
           4          19  0.97172907967292654     
           4          20  0.97465104724254703     
           6          21  0.97395165485765822     
           6          22  0.97134429926636467     
           7          23  0.98670193493306524     
           7          24  0.98534374757509102     
           7          25  0.98531670347740108     
           8          26  0.96910268177274039     
           8          27  0.96988039106822665     
           9          28  0.90000267291454128     
          10          29  0.96972752957642339     
          10          30  0.96594182086583147     
          11          31  0.86832255310239115     
