           1           2  0.98418295242621190     
           2           3   1.0424450361616091     
           3           4   1.3916314445899689     
           4           5   1.4291485706042759     
           5           6   1.4486909049057966     
           4           7  0.10222387724792051     
           6           7   1.4222009325245499     
           3           8   1.3279764433407504     
           5           8  0.10842930704942907     
           7           8   1.4431497840079217     
           8           9  0.99672633000996136     
           9          10   1.0012867522171427     
           1          11  0.97955834281414855     
           1          12  0.97668916286652974     
           1          13  0.97692487543435358     
           4          14  0.96564731921884761     
           5          15  0.97113199046818433     
           6          16  0.97076414499932473     
           7          17  0.96791848812781212     
           9          18  0.95661579051342915     
           9          19  0.97169013521379421     
          10          20  0.88333922821399991     
