           1           2   1.0131167941993187     
           2           3  0.93367868415806754     
           3           4   1.1311499165621963     
           3           5  0.17293327311727766     
           4           5   1.7561748617883526     
           4           6  0.94986525272333378     
           6           7  0.99761529651050951     
           6           8  0.93564381359783899     
           8           9   1.8873670892496350     
           8          10  0.99304855577909024     
          10          11   1.0171949167070822     
           1          12  0.98434799086882996     
           1          13  0.98307821046966559     
           1          14  0.98609065990995071     
           2          15  0.96954575813996591     
           2          16  0.97250621860424913     
           6          17  0.93777596145318209     
           7          18  0.98689278853985818     
           7          19  0.97992560989891864     
           7          20  0.98366091484584184     
          10          21  0.94091193018084240     
          10          22  0.95942240328391637     
          11          23  0.98680942403608196     
          11          24  0.98698292981638502     
          11          25  0.98535883420530546     
