           1           2   1.0192174066659307     
           2           3   1.0081744139271935     
           3           4   1.0076856152145375     
           4           5   1.0017728758665183     
           5           6  0.98386369460066669     
           6           7  0.98429868409102050     
           7           8   1.0010836285836184     
           8           9   1.0080393192574475     
           9          10   1.0071089899633678     
          10          11   1.0202824901234364     
           1          12  0.98800326845360575     
           1          13  0.98756188069142936     
           1          14  0.98792820307365015     
           2          15  0.97853331198453186     
           2          16  0.97852310443739587     
           3          17  0.97723220955470191     
           3          18  0.97587310283491591     
           4          19  0.97633056397170648     
           4          20  0.97546131446312401     
           5          21  0.96641828460619172     
           5          22  0.96672262112020324     
           7          23  0.96679952400779334     
           7          24  0.96663008511403969     
           8          25  0.97400114779092795     
           8          26  0.97577687272938651     
           9          27  0.97703235798001087     
           9          28  0.97724917006399492     
          10          29  0.97845370298742840     
          10          30  0.97811749266494752     
          11          31  0.98743241243662772     
          11          32  0.98764703776343399     
          11          33  0.98606304767903941     
