           1           2  0.98949582441000583     
           2           3  0.97568286911242408     
           2           4   1.0041626504535333     
           4           5   1.8520456797733202     
           5           6   1.0942622942484133     
           6           7   1.3721257087194767     
           7           8   1.4615413852098416     
           6           9  0.10117009657061699     
           8           9   1.4281380780758393     
           7          10  0.10618096571847908     
           9          10   1.4327338724915031     
           6          11   1.3748284570415938     
           8          11  0.10488219274754831     
          10          11   1.4565401029971550     
           1          12  0.98566370349655685     
           1          13  0.98672859153110482     
           1          14  0.98253257316032616     
           2          15  0.95890554916832693     
           3          16  0.90497120274207088     
           4          17  0.96015732632416084     
           5          18  0.96128011719743245     
           7          19  0.96638027118687375     
           8          20  0.97100874386866820     
           9          21  0.97167169010012922     
          10          22  0.97100149005719738     
          11          23  0.96891539641717772     
