   -0.10638297
    0.01917900
   -0.10747530
   -0.02294806
   -0.06140823
   -0.06154491
    0.00566630
   -0.06169519
   -0.03441187
    0.11744659
   -0.45045166
   -0.06993919
   -0.06271099
    0.01820411
   -0.10906121
   -0.10758537
    0.04512820
    0.03423986
    0.03009992
    0.05177713
    0.03124573
    0.02661879
    0.02313149
    0.02559011
    0.03411574
    0.02915570
    0.02953112
    0.02429277
    0.03280031
    0.04721422
    0.01143137
    0.27987182
    0.04289531
    0.02036916
    0.03253969
    0.02939077
    0.03793364
    0.03743869
    0.03337689
    0.03453809
    0.03598057
    0.03441185
