           1           2   1.0023091209783690     
           2           3   1.0011642048031488     
           2           4  0.97080551510872914     
           4           5  0.99831486403619074     
           5           6   1.0014153651325388     
           6           7  0.98111658755020814     
           4           8  0.99381681883833928     
           7           8  0.98251949442193243     
           2           9  0.96408082370002934     
           7           9  0.97123680036448234     
           9          10  0.98520641671553488     
          10          11  0.97776469500744201     
          10          12  0.98857810006592894     
          12          13   1.0083238669417607     
           7          14  0.96939777275341510     
          13          14  0.98498623558900866     
          14          15  0.99623921766099088     
          14          16  0.99628968296740750     
           1          17  0.98378686716850594     
           1          18  0.98185548308261283     
           1          19  0.98527363143161639     
           3          20  0.98092121062806437     
           3          21  0.98409288355831959     
           3          22  0.98196674814197960     
           4          23  0.97061298225340975     
           5          24  0.98014022000816881     
           5          25  0.97618586882574498     
           6          26  0.97545781211970239     
           6          27  0.97836951665744465     
           8          28  0.97348393799300326     
           8          29  0.97534278984216471     
           9          30  0.96289507678386999     
          10          31  0.95643093653840727     
          11          32  0.90412272728288823     
          12          33  0.97276518978267368     
          12          34  0.97461675263311232     
          13          35  0.97468715062935496     
          13          36  0.97429978148388463     
          15          37  0.98221686284125642     
          15          38  0.98418075905077629     
          15          39  0.98510897331908287     
          16          40  0.98521864313257790     
          16          41  0.98160480413863638     
          16          42  0.98452140915707775     
