           1           2  0.95972346211339410     
           2           3   1.1201577298367169     
           2           4  0.16895734612684635     
           3           4   1.7615818332505366     
           3           5  0.95758206067239593     
           5           6  0.99701439893369281     
           6           7   1.0088741373307024     
           7           8   1.0093675477301138     
           8           9   1.0088177869249315     
           5          10  0.98061607547986329     
           9          10   1.0095001328559867     
           1          11  0.97707150032388157     
           1          12  0.97736277193730836     
           1          13  0.98191729791904347     
           5          14  0.94578707164226439     
           6          15  0.97696226292114541     
           6          16  0.97564792781015908     
           7          17  0.97718904036138943     
           7          18  0.97487244336999312     
           8          19  0.97717947483937084     
           8          20  0.97761766979494769     
           9          21  0.97719539052087701     
           9          22  0.97665025891955348     
          10          23  0.97575145900484928     
          10          24  0.97542342691244632     
