           1           2   1.0128455636534384     
           2           3  0.92535529578999409     
           3           4   1.1857018831068680     
           3           5  0.17944219504402878     
           4           5   1.7249016626478912     
           4           6  0.89881782442798985     
           6           7   1.0294078672146389     
           6           8  0.93179223948489653     
           8           9   1.0261118390607169     
           8          10   1.8499489453678053     
           1          11  0.98453144496712441     
           1          12  0.98517600022409557     
           1          13  0.98248916205331338     
           2          14  0.96941642566279551     
           2          15  0.97121076079461699     
           6          16  0.93674270307861995     
           7          17  0.86508303244063423     
           9          18  0.95463120270709911     
           9          19  0.94553137761017192     
           9          20  0.97742097952430140     
