   -0.43362000
    0.36091709
   -0.10731519
    0.14940578
   -0.45254479
   -0.07281383
   -0.05834553
   -0.06008959
   -0.07271690
   -0.26855134
    0.11544762
   -0.06325392
   -0.05980551
   -0.06121735
   -0.05976907
   -0.06526723
    0.06068026
    0.07426811
    0.31050774
    0.04068808
    0.02737882
    0.04336015
    0.03133754
    0.03159408
    0.03614471
    0.03498806
    0.06475019
    0.04723742
    0.04304043
    0.04533740
    0.03848828
    0.03845305
    0.03593287
    0.03803976
    0.03848702
    0.03703715
    0.04140536
    0.05038328
