           1           2   1.7106317953071868     
           2           3  0.97723991369604024     
           3           4  0.95276211867241467     
           4           5   1.0028118906111843     
           4           6  0.96709164707902062     
           6           7   1.0080445691658098     
           7           8   1.0071628413638873     
           4           9  0.97410945072506894     
           8           9   1.0085824224271001     
           1          10  0.17219804366581715     
           2          10   1.1599604748691406     
          10          11  0.91284284442337560     
          11          12  0.98920824378210981     
          12          13   1.0062283957331437     
          13          14   1.0092950547711861     
          14          15   1.0092474293734013     
          11          16  0.99457865731608253     
          15          16   1.0061587091771123     
           3          17  0.97432633746894037     
           3          18  0.95131600006079031     
           5          19  0.86469723368705997     
           6          20  0.97807884436455184     
           6          21  0.97904356683583738     
           7          22  0.97942480582493263     
           7          23  0.97940532380953826     
           8          24  0.97982787016818396     
           8          25  0.97903428776659229     
           9          26  0.97895574932393004     
           9          27  0.97370221250858902     
          11          28  0.95984525001961918     
          12          29  0.97562615246947859     
          12          30  0.97518722548499170     
          13          31  0.97660356141746707     
          13          32  0.97709381365569803     
          14          33  0.97693804459114642     
          14          34  0.97713429678590191     
          15          35  0.97683542111766963     
          15          36  0.97722822606976090     
          16          37  0.97597930363728169     
          16          38  0.97449981701101929     
