           1           2   1.9264099589212034     
           2           3  0.96965140230118807     
           3           4  0.93273096566622460     
           4           5   1.0234563298624055     
           5           6   1.9212894640032945     
           6           7   1.0269580452329867     
           3           8  0.94631133395592948     
           7           8  0.98510467757154274     
           8           9  0.98549947911857738     
           9          10   1.0000144985275203     
          10          11   1.0194075973103236     
          11          12   1.9294707973025751     
          12          13   1.0197610929131740     
           9          14  0.97258422775580788     
          13          14  0.99454023062415597     
           3          15  0.96527964939704258     
          14          15  0.96475678058834191     
           2          16  0.92899078497930054     
           4          17  0.97488740197355761     
           4          18  0.95535077505164123     
           5          19  0.96706391297073468     
           6          20  0.96913447092158655     
           7          21  0.97558814162863605     
           7          22  0.95638047263513415     
           8          23  0.96638004744748773     
           9          24  0.96304234903241914     
          10          25  0.95717289121732985     
          10          26  0.96676184544819321     
          11          27  0.96701773606969710     
          12          28  0.96718273799942955     
          13          29  0.95550014097051328     
          13          30  0.96592730080912215     
          14          31  0.95869703513215043     
