           1           2   1.0199173501054717     
           2           3  0.97422904800347987     
           3           4  0.98929867996180720     
           3           5  0.99236410132190778     
           3           6  0.95689723082550371     
           6           7   1.0006494526447880     
           1           8  0.98710098057711293     
           1           9  0.98556021392985482     
           1          10  0.98735589438544136     
           2          11  0.97386045949723821     
           2          12  0.97700586651257504     
           4          13  0.98553306236692984     
           4          14  0.98509220878955506     
           4          15  0.98451977139980773     
           5          16  0.98250463117257847     
           5          17  0.98595890179981138     
           5          18  0.98507758500308118     
           7          19  0.97945357363584007     
           7          20  0.97521901823508594     
           7          21  0.97646092612361723     
