           1           2  0.98663676141952716     
           2           3   1.7567677761968934     
           2           4   1.1276392933723247     
           3           4  0.17191794266702490     
           4           5  0.93181788068114957     
           5           6   1.0047815083857654     
           6           7   1.5804136524197001     
           7           8   1.2946000559420234     
           6           9  0.14676736473679025     
           8           9   1.6080962960950569     
           6          10   1.1152957024246963     
           9          10   1.1382627108106294     
           1          11  0.96176007079024706     
           1          12  0.98414398815614779     
           1          13  0.96262866554573623     
           5          14  0.96751442945103683     
           5          15  0.95955087515390314     
           7          16  0.97221829616317745     
           8          17  0.97458867145984185     
           9          18  0.96640841823710477     
