           1           2   1.0384473684561950     
           2           3   1.9243741527540363     
           3           4  0.98883202715669594     
           4           5  0.98553057388427989     
           4           6  0.97020294058862888     
           6           7   1.4150658871226951     
           7           8   1.4427044258192265     
           6           9  0.10932912894361516     
           8           9   1.4400410913013566     
           7          10  0.11072748874613658     
           9          10   1.4367523986395998     
           6          11   1.4114418310768124     
           8          11  0.11176345698727351     
          10          11   1.4469426608743654     
           1          12  0.98555312729512323     
           1          13  0.97055246835430220     
           1          14  0.97081241800656781     
           2          15  0.96201396265712602     
           3          16  0.96510607047591912     
           4          17  0.94731891826992709     
           5          18  0.90261030095612194     
           7          19  0.96890826733966673     
           8          20  0.97107304630944802     
           9          21  0.97147760184508625     
          10          22  0.97097795579030410     
          11          23  0.96780498734028675     
