           1           2   1.0033852888150077     
           2           3   1.8270471322629087     
           2           4   1.0224446659697393     
           4           5   1.3768534474473795     
           5           6   1.4604215081956289     
           6           7   1.3930603230866834     
           7           8  0.98685930791589993     
           5           9  0.10217780765770293     
           7           9   1.3916778029891694     
           4          10   1.3818526996723914     
           6          10  0.10236770193728911     
           9          10   1.4598158396187420     
           1          11  0.96186290237991268     
           1          12  0.98273354183351480     
           1          13  0.96186268987643309     
           5          14  0.96211406587422577     
           6          15  0.96601019039133118     
           9          16  0.96680680451607859     
          10          17  0.96441582987550323     
