           1           2  0.98907896105322335     
           2           3   1.0513352627913550     
           3           4   1.3836424132644007     
           4           5   1.4026569936566426     
           5           6   1.0241240648339207     
           5           7   1.4256979762050075     
           7           8   1.3950273460851768     
           8           9   1.0242651169628347     
           3          10   1.3534147208591802     
           5          10  0.10431571624470472     
           8          10   1.4375402750255231     
           1          11  0.97660515481207766     
           1          12  0.97662197726186739     
           1          13  0.97997582838707908     
           4          14  0.96493803250242793     
           6          15  0.98263333869475966     
           6          16  0.96852643623725465     
           6          17  0.98216350929030527     
           7          18  0.96817314397706278     
           9          19  0.96815781897507924     
           9          20  0.98228181585533980     
           9          21  0.98227236267561169     
          10          22  0.96718233083772942     
