   -0.08946145
   -0.04647465
    0.14586666
   -0.11704913
   -0.44596485
   -0.05622766
   -0.05612055
   -0.05862326
    0.00430153
   -0.10862204
   -0.05890274
   -0.05492810
   -0.05444109
    0.00330639
   -0.10723689
   -0.10517462
    0.03373287
    0.04425632
    0.03236205
    0.04758269
    0.03810693
    0.03218235
    0.28457566
    0.04742882
    0.02929337
    0.02868801
    0.05465927
    0.01902103
    0.03299443
    0.03718039
    0.04799539
    0.03527536
    0.03412687
    0.02940966
    0.04921735
    0.02119865
    0.03844875
    0.03853167
    0.03354458
    0.03660901
    0.04045096
    0.03888000
