           1           2   1.9797942223983376     
           2           3  0.98975856056958800     
           3           4  0.97461054290178228     
           3           5  0.97985307074002514     
           3           6  0.96401568610179267     
           6           7  0.98957998374925937     
           7           8   1.0234522995757422     
           8           9   1.8833653068468730     
           9          10   1.0233858830589029     
           9          11   1.0102871318649740     
          11          12  0.96857919492316857     
          12          13   1.0252692514478166     
          13          14   1.8827875221346435     
          14          15   1.0207797557412341     
          14          16   1.0234433620843848     
           1          17  0.97637483544494508     
           1          18  0.97241094867786104     
           2          19  0.96587985852181113     
           4          20  0.98422350743292542     
           4          21  0.98597503214417570     
           4          22  0.98564873330059100     
           5          23  0.89904050768960475     
           6          24  0.97210449474043514     
           6          25  0.97778005791996780     
           7          26  0.96720363472411641     
           7          27  0.96841443532683802     
           8          28  0.96480452986462151     
          10          29  0.98527617893312147     
          10          30  0.97268978601635880     
          10          31  0.97038907926905493     
          11          32  0.97677909778180994     
          11          33  0.96646755703786336     
          12          34  0.96680835011737276     
          12          35  0.97142284565536008     
          13          36  0.96560255426939834     
          15          37  0.97344562555188652     
          15          38  0.97499857667239687     
          15          39  0.98549594518854977     
          16          40  0.97749738796727426     
          16          41  0.97930649340454268     
          16          42  0.97021779528633623     
