           1           2   1.0209911834203331     
           2           3  0.99650604657006792     
           3           4  0.96879568332778931     
           4           5   1.1260997163172670     
           4           6  0.13898133094538634     
           5           6   1.7645918474903375     
           5           7  0.95458665375232432     
           7           8  0.99267613205115890     
           8           9   1.0091009083539879     
           9          10   1.0092076682741080     
          10          11   1.0060346518000747     
           7          12  0.98101511059683233     
          11          12  0.96723506402821335     
           4          13   1.1296289786169118     
          12          13  0.95438934504574535     
           4          14  0.14200443966717799     
          13          14   1.7604543604617524     
           1          15  0.98637061045633789     
           1          16  0.98785256597143056     
           1          17  0.98675324421746935     
           2          18  0.97472883468115223     
           2          19  0.97608273522483646     
           3          20  0.96801281799702998     
           3          21  0.96697871523201540     
           7          22  0.93867612808490419     
           8          23  0.97657417875125652     
           8          24  0.97179322646865562     
           9          25  0.97647168398048523     
           9          26  0.97639661230921571     
          10          27  0.97641488266145704     
          10          28  0.97492070749898496     
          11          29  0.97623986698749943     
          11          30  0.97582541846271442     
          12          31  0.96353560669245897     
