           1           2  0.99989987003492586     
           2           3   1.0064629947282993     
           3           4   1.9448611598875551     
           4           5   1.0111575931711179     
           5           6  0.97734075611470483     
           1           7  0.86284191113487996     
           2           8  0.95695605251202609     
           2           9  0.97529802555783129     
           3          10  0.96731299018641015     
           4          11  0.96781047534967013     
           5          12  0.96034112821383355     
           5          13  0.97543099906945896     
           6          14  0.90052347095965046     
