           1           2  0.99745621732728085     
           2           3  0.99745623443967979     
           2           4   1.0007549439921219     
           2           5  0.96839308017185644     
           5           6  0.99862428477221443     
           6           7  0.98807025570532947     
           7           8  0.98959862364065310     
           8           9   1.8695345182322116     
           8          10  0.98959863520614344     
           5          11  0.99862428971495776     
          10          11  0.98807023965138008     
           1          12  0.98236191109925941     
           1          13  0.98436603931316002     
           1          14  0.98605852259684157     
           3          15  0.98605851826919855     
           3          16  0.98236187088688054     
           3          17  0.98436604711833431     
           4          18  0.98349456902228094     
           4          19  0.98349457614884317     
           4          20  0.98499933121763916     
           5          21  0.96434069995593463     
           6          22  0.97098486613643586     
           6          23  0.97487678568381586     
           7          24  0.97420346959673498     
           7          25  0.95222774051883396     
          10          26  0.95222774291741996     
          10          27  0.97420347043969036     
          11          28  0.97487679173238040     
          11          29  0.97098484472387314     
