           1           2   1.0190738998595275     
           2           3   1.0077168535237222     
           3           4   1.0073776207807972     
           4           5  0.98490191265703575     
           5           6  0.99151975916446811     
           5           7  0.98490181873944205     
           7           8   1.0073776242487411     
           8           9   1.0077168578555775     
           9          10   1.0190738970017603     
           1          11  0.98797170272018597     
           1          12  0.98790535950616332     
           1          13  0.98753065023568798     
           2          14  0.97859593026614511     
           2          15  0.97866818607262251     
           3          16  0.97727042733163494     
           3          17  0.97539561793047813     
           4          18  0.97628378166281071     
           4          19  0.97501614804927450     
           5          20  0.96197100204741104     
           6          21  0.90043309738204891     
           7          22  0.97501618239564269     
           7          23  0.97628378908216096     
           8          24  0.97539561167107125     
           8          25  0.97727043728027974     
           9          26  0.97866818226855845     
           9          27  0.97859593183295090     
          10          28  0.98797171310478871     
          10          29  0.98753065247851135     
          10          30  0.98790535281214598     
