           1           2   1.0239411295320995     
           2           3   1.0218986546113733     
           2           4   1.8825418021269835     
           4           5   1.0225321335260869     
           5           6  0.96750686338650382     
           6           7   1.0137573896313734     
           7           8   1.0236213325062016     
           7           9   1.8769659243149834     
           9          10   1.0141620781827110     
          10          11  0.99943303505169334     
           1          12  0.96964590223121283     
           1          13  0.97742533700350276     
           1          14  0.97888517174338352     
           3          15  0.97295798657568155     
           3          16  0.98534488212031335     
           3          17  0.97400955510740350     
           4          18  0.96582515541334879     
           5          19  0.96726770722245581     
           5          20  0.97583348436164741     
           6          21  0.96778028685287798     
           6          22  0.97586687749355139     
           8          23  0.97168881796448536     
           8          24  0.98535522715304458     
           8          25  0.97035989545742396     
           9          26  0.96269572780218382     
          10          27  0.95647397580150295     
          10          28  0.95389797469597681     
          11          29  0.90378533765166513     
