           1           2  0.99565686814403997     
           2           3  0.99568968649856449     
           2           4  0.89715338052576343     
           4           5   1.4850664190394374     
           4           6   1.4862971057390373     
           5           6  0.37673824461135902     
           1           7  0.98089005343042834     
           1           8  0.98490466501802287     
           1           9  0.97951092784964666     
           2          10  0.96518305423623429     
           3          11  0.98089429096261238     
           3          12  0.97952971193962357     
           3          13  0.98490777808196361     
