           1           2   1.0136831906184605     
           2           3  0.99177751196552566     
           3           4  0.97885668123558600     
           4           5  0.98761311610282077     
           5           6  0.99819009893385835     
           6           7  0.98517829949503977     
           7           8  0.99061941213972893     
           8           9   1.0121216919688798     
           9          10  0.95877567201637381     
           1          11  0.88786975563245274     
           2          12  0.97179011894757683     
           2          13  0.96699977883352162     
           3          14  0.96758313317876399     
           3          15  0.96674875567983221     
           5          16  0.96394229123849873     
           5          17  0.96629320993573109     
           6          18  0.96577226507675928     
           6          19  0.96494468650496901     
           8          20  0.95876617860209790     
           8          21  0.96428597267740801     
           9          22  0.97786784965854390     
           9          23  0.97529518195954279     
