           1           2   1.0193752423609344     
           2           3   1.0075012629211162     
           3           4   1.0084371557627367     
           4           5  0.99551752076629330     
           5           6  0.96779023544972376     
           6           7   1.1336952452749669     
           6           8  0.14175892881107996     
           7           8   1.7588763428351459     
           7           9  0.96950327766575972     
           9          10   1.0129289900456260     
           6          11   1.1339002800625944     
          10          11  0.96903298497962054     
           6          12  0.14093866348511122     
          11          12   1.7606679495095900     
           1          13  0.98734844847100900     
           1          14  0.98773501305037215     
           1          15  0.98796776030081201     
           2          16  0.97840415406533521     
           2          17  0.97849715804412640     
           3          18  0.97616914262912635     
           3          19  0.97723635770994910     
           4          20  0.97496474570644875     
           4          21  0.97304119352328788     
           5          22  0.96735874856725235     
           5          23  0.96733213789523453     
           9          24  0.95605772850502380     
           9          25  0.95533978915547002     
          10          26  0.95563757715120756     
          10          27  0.95593388802981050     
