   -0.10341518
   -0.05298163
   -0.06034503
   -0.06147280
    0.00302775
   -0.11270553
    0.26761307
   -0.43643490
   -0.07730916
   -0.09822797
    0.06598545
   -0.04089500
   -0.02767508
   -0.03138626
   -0.02783509
   -0.04065736
    0.03382603
    0.03603518
    0.03471771
    0.03252660
    0.02901554
    0.03776346
    0.03043610
    0.03054939
    0.04274144
    0.07453095
    0.03717073
    0.03651182
    0.04763646
    0.03379048
    0.04270895
    0.05785746
    0.03954994
    0.03903638
    0.03817841
    0.03904980
    0.04108192
