           1           2   1.0191691084480654     
           2           3   1.0074495752335979     
           3           4   1.0059023607862676     
           4           5  0.99610816975205951     
           5           6  0.96945612041917795     
           6           7   1.2148509599433623     
           6           8  0.18485031459311657     
           7           8   1.6881648263743405     
           7           9  0.96652112751697949     
           9          10   1.0181643095089974     
           6          11   1.0065173264202569     
          11          12   1.3947295679606002     
          12          13   1.4462948472238641     
          11          14  0.10670938837987298     
          13          14   1.4370479310582418     
          12          15  0.11004308847458900     
          14          15   1.4374662923877231     
          11          16   1.3978486101321910     
          13          16  0.11007565481336445     
          15          16   1.4458465955587305     
           1          17  0.98795626624471966     
           1          18  0.98781898703280890     
           1          19  0.98735444856740251     
           2          20  0.97844314123110832     
           2          21  0.97860835073822183     
           3          22  0.97693283046025259     
           3          23  0.97736061387304329     
           4          24  0.97635931168237233     
           4          25  0.97684637063000934     
           5          26  0.96422853892259353     
           5          27  0.96961399335721388     
           9          28  0.96773512749162538     
           9          29  0.95688749249651073     
          10          30  0.98757748782179167     
          10          31  0.98806915773472426     
          10          32  0.98498898214055874     
          12          33  0.96838671452611336     
          13          34  0.97033426065979000     
          14          35  0.97103736670002794     
          15          36  0.97042827842589008     
          16          37  0.96824313271862339     
