           1           2   1.0194407042847868     
           2           3   1.0091019436968731     
           3           4  0.99115641905334073     
           4           5  0.96973856002828662     
           5           6   1.7531644189114892     
           5           7   1.1323774365826422     
           6           7  0.17300280052209888     
           7           8  0.93918306156012132     
           8           9  0.99830572888657776     
           9          10   1.0184195330419477     
           1          11  0.98765982536313535     
           1          12  0.98774942494202089     
           1          13  0.98723263985339793     
           2          14  0.97791762538977067     
           2          15  0.97746470808570729     
           3          16  0.97534777385365878     
           3          17  0.97609600115402184     
           4          18  0.95387578783578975     
           4          19  0.97489924469920974     
           8          20  0.96827151206228890     
           8          21  0.97150768564517376     
           9          22  0.97633033160867289     
           9          23  0.97748479871993998     
          10          24  0.98727985852170941     
          10          25  0.98753845550796271     
          10          26  0.98626836139586083     
