           1           2   1.0055615276902892     
           2           3   1.8718345774025944     
           2           4  0.96468687276906917     
           4           5  0.98514515376221279     
           5           6   1.4059742782671307     
           6           7   1.4496130047910565     
           5           8  0.10796229265248392     
           7           8   1.4347963768997825     
           6           9  0.11161093922003323     
           8           9   1.4410253256639702     
           5          10   1.4126626450991355     
           7          10  0.10984197372856727     
           9          10   1.4406909590974046     
           1          11  0.95769855972054063     
           1          12  0.96457769564361062     
           1          13  0.98255133944899542     
           4          14  0.96399017479987525     
           4          15  0.96566876969474313     
           6          16  0.96891009577008635     
           7          17  0.97086475306780651     
           8          18  0.97137015658015335     
           9          19  0.97098591679385560     
          10          20  0.96881554014623195     
