           1           2   1.0191355788510590     
           2           3   1.0077510459327144     
           3           4   1.0070548275255369     
           4           5   1.0068264643431566     
           5           6   1.0066904843731435     
           6           7   1.0071044838260725     
           7           8   1.0072503617441939     
           8           9  0.99261749601909144     
           9          10   1.0110396577919372     
          10          11   1.9269318280589149     
           1          12  0.98750271450173832     
           1          13  0.98796242560236314     
           1          14  0.98797715948707576     
           2          15  0.97860565423511503     
           2          16  0.97866434526373314     
           3          17  0.97750817105075183     
           3          18  0.97738260545124001     
           4          19  0.97741593456948761     
           4          20  0.97760979991273178     
           5          21  0.97728383025039967     
           5          22  0.97747784320444853     
           6          23  0.97694949976738499     
           6          24  0.97747987728535901     
           7          25  0.97510174003931072     
           7          26  0.97656079851617172     
           8          27  0.97640879776354750     
           8          28  0.97590831838470427     
           9          29  0.93748464712111224     
           9          30  0.96954087228818064     
          10          31  0.92920840240398517     
