           1           2   1.0195164089307351     
           2           3   1.0070195185647475     
           3           4   1.0015710416150527     
           4           5  0.96279762070685271     
           5           6   1.0806802800786550     
           6           7   1.3674571103600959     
           7           8   1.4364735309634107     
           8           9   1.4189562018022936     
           9          10  0.97540302643437360     
           9          11   1.3889776195784929     
           6          12   1.3381740852378710     
           8          12  0.10665960455754456     
          11          12   1.4738910642623304     
           1          13  0.98762391337286148     
           1          14  0.98762391738902744     
           1          15  0.98693089565323977     
           2          16  0.97820749515894545     
           2          17  0.97820749803900331     
           3          18  0.97551154877470081     
           3          19  0.97551153367284782     
           4          20  0.96757114810232525     
           4          21  0.96757114902423458     
           7          22  0.96471161098149638     
           8          23  0.96839047335197437     
          11          24  0.96763365457255779     
          12          25  0.96591897265438098     
