           1           2  0.99917104244614330     
           2           3   1.8716534202076307     
           2           4  0.98885881205443971     
           4           5   1.0090267619283875     
           5           6  0.98973271607184221     
           6           7   1.0128341505081866     
           7           8   1.4084505409970438     
           8           9   1.4500905708526353     
           7          10  0.10986809192412746     
           9          10   1.4347889701867387     
           8          11  0.11167069278556059     
          10          11   1.4414992421058321     
           7          12   1.4143604007884489     
           9          12  0.10996111598536723     
          11          12   1.4417070946480086     
           1          13  0.98332645126494866     
           1          14  0.96111007084132027     
           1          15  0.96769222459436843     
           4          16  0.95122743487613948     
           4          17  0.95070931122395208     
           5          18  0.97566680004317052     
           5          19  0.97544402878815650     
           6          20  0.96873861054669286     
           6          21  0.97527410709424833     
           8          22  0.96929229431067321     
           9          23  0.97128481935368349     
          10          24  0.97169230409656149     
          11          25  0.97137488381239079     
          12          26  0.96924660372133897     
