   -0.10150999
   -0.07320208
    0.11182009
   -0.45669078
    0.00251549
   -0.11665919
   -0.10834132
    0.10303746
   -0.45165951
   -0.02424554
   -0.10777002
   -0.10672597
    0.02729727
    0.03404738
    0.03870454
    0.04656634
    0.03997077
    0.01121007
    0.28851573
    0.03766257
    0.03810208
    0.04211234
    0.03070804
    0.04532352
    0.05623681
    0.03484891
    0.30954154
    0.03263287
    0.03356170
    0.02849731
    0.05363977
    0.03828422
    0.02621642
    0.03575118
