           1           2   1.0183413717123950     
           2           3  0.98935080820002863     
           3           4  0.97726246439577991     
           3           5  0.96908653239114362     
           5           6  0.99983502231610732     
           5           7  0.99811351898581457     
           5           8  0.95493589110921950     
           8           9   1.0029539950064430     
           8          10  0.97136849489064336     
          10          11   1.0071226603159271     
          10          12   1.0095902250222730     
           1          13  0.98308873635640204     
           1          14  0.98706383544023824     
           1          15  0.98624776463068997     
           2          16  0.97511697762035654     
           2          17  0.97294634995473073     
           3          18  0.95539408511092383     
           4          19  0.89110060333584296     
           6          20  0.98016272902156398     
           6          21  0.98139404516648887     
           6          22  0.98364786403403714     
           7          23  0.98339982455847608     
           7          24  0.98488964669526624     
           7          25  0.98248682838767087     
           8          26  0.96083582887351293     
           9          27  0.87140842127462381     
          10          28  0.96655399377085960     
          11          29  0.98716651252052201     
          11          30  0.98692906075423648     
          11          31  0.98263449794478719     
          12          32  0.98441013764812535     
          12          33  0.97962822947252937     
          12          34  0.98641769930972978     
