           1           2   1.9173220908304049     
           2           3   1.0074582721189822     
           3           4  0.99932152892894011     
           4           5   1.0036821557089342     
           5           6  0.99077483795444710     
           2           7   1.0151902182347166     
           6           7  0.97926277312033627     
           5           8  0.96501812249891705     
           7           8  0.94055002787950215     
           8           9   1.0030287536354836     
           8          10   1.0049004585065311     
           1          11  0.97567352367032512     
           1          12  0.97627661448216629     
           3          13  0.97321517606178576     
           3          14  0.96085185586111987     
           4          15  0.97599081066903060     
           4          16  0.97828896715519420     
           5          17  0.97074056590866853     
           6          18  0.97810963357464553     
           6          19  0.97649385864272620     
           7          20  0.96843417403958176     
           9          21  0.98354486944073960     
           9          22  0.98288229611039002     
           9          23  0.98429053774937658     
          10          24  0.98363938789528582     
          10          25  0.98319476627132274     
          10          26  0.98005551054454476     
