           1           2  0.95109469230437993     
           2           3   1.1513882131513671     
           2           4  0.17390150868800491     
           3           4   1.7377074777058117     
           3           5  0.94997827430577353     
           5           6  0.94951914018912209     
           6           7   1.0181269744651216     
           6           8   1.8736963204185670     
           1           9  0.98068078875073594     
           1          10  0.97604970169633209     
           1          11  0.97658017374746731     
           5          12  0.97012806042645883     
           5          13  0.94893660084171605     
           7          14  0.95288148719961152     
           7          15  0.98055125834011758     
           7          16  0.95187856826121386     
