           1           2   1.9310723368009304     
           2           3   1.0106475280901988     
           3           4  0.98934119399926002     
           4           5   1.0186264834593735     
           2           6   1.0106476430821969     
           6           7  0.98934044749965599     
           7           8   1.0186270840300480     
           1           9  0.97605436706821314     
           1          10  0.97605436804002144     
           3          11  0.96950549636579642     
           3          12  0.97417183112703487     
           4          13  0.97932274452462664     
           4          14  0.97742887342411600     
           5          15  0.98785759484709823     
           5          16  0.98686476368895759     
           5          17  0.98782745811850536     
           6          18  0.96950565857928850     
           6          19  0.97417202222281640     
           7          20  0.97932276666104745     
           7          21  0.97742977084580196     
           8          22  0.98782763913100946     
           8          23  0.98785818251670310     
           8          24  0.98686398040242085     
