           1           2   1.0543960466536442     
           2           3   1.8547923662436183     
           3           4   1.0255627815596786     
           4           5   1.7066164080741535     
           4           6   1.1216598452172950     
           5           6  0.16949308053189874     
           6           7  0.92492597901715978     
           7           8  0.99396272042424083     
           8           9   1.0066616466256122     
           9          10   1.0091621440385583     
          10          11   1.0091954986000182     
           7          12  0.98778139880168958     
          11          12   1.0067431574772561     
           1          13  0.96132208633684635     
           1          14  0.98414571195444978     
           1          15  0.96183237618964190     
           2          16  0.96055296424957781     
           3          17  0.96386952348485166     
           7          18  0.95886265424767403     
           8          19  0.97613552024843409     
           8          20  0.97476416354763518     
           9          21  0.97730303209322056     
           9          22  0.97705440760193518     
          10          23  0.97725633459944539     
          10          24  0.97716278453008310     
          11          25  0.97679094842898007     
          11          26  0.97716365318526421     
          12          27  0.97537346883269116     
          12          28  0.97587242606134728     
