           1           2   2.8510288277049547     
           2           3   1.0377152519963606     
           3           4  0.98040791521012549     
           4           5   1.4095470299451061     
           5           6   1.4452665210893780     
           6           7   1.4020787575884301     
           7           8  0.97695430787467119     
           5           9  0.10838665332249450     
           7           9   1.4020789511537854     
           4          10   1.4095464113750746     
           6          10  0.10838684461299368     
           9          10   1.4452666443271862     
           3          11  0.94099285995563120     
           3          12  0.94099419565095199     
           5          13  0.96756688851995842     
           6          14  0.96698695960874959     
           9          15  0.96698688543682743     
          10          16  0.96756688908807564     
