           1           2   1.0191280498592348     
           2           3   1.0074067630191264     
           3           4   1.0074220670999146     
           4           5  0.99587204137878504     
           5           6  0.99538601226567247     
           6           7   1.0203517174329035     
           5           8  0.99152844242900118     
           8           9  0.99367368722523952     
           1          10  0.98795901870245384     
           1          11  0.98752404509973712     
           1          12  0.98797212207029594     
           2          13  0.97870226443281028     
           2          14  0.97850396420744135     
           3          15  0.97495440881783324     
           3          16  0.97720434754107355     
           4          17  0.97527744212343781     
           4          18  0.97486076925700438     
           5          19  0.96591520475097337     
           6          20  0.97689625001894409     
           6          21  0.97443545018903344     
           7          22  0.98492635502870407     
           7          23  0.98531450142274368     
           7          24  0.98694549180462399     
           8          25  0.96837727972947540     
           8          26  0.97034699849377948     
           9          27  0.90557305414943523     
