   -0.15338949
    0.13942754
   -0.07086144
   -0.01896396
   -0.06411003
   -0.07046281
    0.11823621
   -0.11847883
   -0.21619580
    0.36085190
   -0.39616890
   -0.04623074
   -0.05266288
   -0.05768392
   -0.05712717
   -0.02851545
   -0.05199713
   -0.05494905
   -0.05854030
   -0.05160235
   -0.10324262
   -0.27392995
    0.08780134
   -0.06966338
    0.00371265
   -0.11024424
   -0.06103654
   -0.05280568
   -0.06065603
    0.00716885
   -0.10811033
   -0.10960997
    0.03239095
    0.02974488
    0.05316998
    0.04694039
    0.04550643
    0.03857533
    0.04494175
    0.06738606
    0.06586084
    0.05013294
    0.05117473
    0.03533159
    0.03883518
    0.03808005
    0.05841359
    0.03699198
    0.04609547
    0.03452280
    0.03853959
    0.02415389
    0.04193429
    0.03111879
    0.02611559
    0.02838300
    0.02565533
    0.03129190
    0.02971999
    0.04857577
    0.03204064
    0.03075456
    0.05010933
    0.04722066
    0.04269388
    0.04126985
    0.04062003
    0.03928128
    0.03398286
    0.03500079
    0.02295023
    0.04047611
    0.04172197
    0.04238596
    0.04222672
    0.04198567
    0.03573689
