           1           2   1.8240943743718721     
           2           3  0.99840140963621149     
           3           4  0.98196127554198354     
           4           5  0.99549187163625319     
           5           6   1.0042840532055874     
           6           7   1.0033688754898551     
           7           8   1.8363580921845570     
           8           9  0.94309095068577453     
           9          10   1.1071172158300315     
           9          11  0.16840009189948318     
          10          11   1.7606318767032243     
          10          12  0.96474428347533281     
          12          13  0.96674926242783665     
          13          14   1.0056119069157083     
          12          15  0.97835783935485510     
          14          15   1.0057910155718872     
           4          16  0.97664667786502635     
           7          16  0.98924156471093461     
          16          17  0.96759873253878670     
          17          18   1.0087834639409139     
          18          19   1.0053603906910864     
          19          20   1.0078308200880239     
          20          21   1.0205526924620067     
           1          22  0.12554965997450449     
           2          22   1.0641557693300658     
          22          23  0.97048436462969823     
          23          24   1.0159352009319864     
          24          25   1.8781745244541117     
          25          26   1.0234935820018889     
          25          27   1.0142533809420036     
          27          28  0.96740683287292106     
          28          29   1.0219723052806686     
          29          30   1.8823034860728174     
          30          31   1.0245501134863750     
          30          32   1.0218708989465248     
           1          33  0.97693766174497687     
           1          34  0.97314880155053585     
           3          35  0.96472991136331987     
           3          36  0.97440731374999900     
           4          37  0.96734610093475271     
           5          38  0.97893679269721035     
           5          39  0.97540682244514321     
           6          40  0.95615662317598593     
           6          41  0.95834010768394995     
          12          42  0.97103935782923911     
          13          43  0.97968446644310614     
          13          44  0.98151518233282398     
          14          45  0.98272090478132190     
          14          46  0.98270474016103027     
          15          47  0.97796668943079856     
          15          48  0.98166395225157110     
          16          49  0.95787770007033624     
          17          50  0.97260562273727313     
          17          51  0.97339696721480296     
          18          52  0.97780117315770532     
          18          53  0.96953463125007555     
          19          54  0.97716124543679639     
          19          55  0.97750344292510838     
          20          56  0.97603488122900484     
          20          57  0.97890036366080180     
          21          58  0.98730587438449002     
          21          59  0.98783487784206769     
          21          60  0.98187919184210215     
          23          61  0.95124849663277278     
          23          62  0.95168569897176192     
          24          63  0.96196800687171158     
          26          64  0.98535079196695297     
          26          65  0.97061194971603426     
          26          66  0.97152124575065513     
          27          67  0.96800370047418982     
          27          68  0.97531280042866708     
          28          69  0.96971939395832440     
          28          70  0.97369583331313270     
          29          71  0.96572114999749414     
          31          72  0.97460854387369911     
          31          73  0.97084151080002923     
          31          74  0.97990751803395792     
          32          75  0.97377234102323429     
          32          76  0.97312595197399132     
          32          77  0.98536508038226001     
