           1           2   1.9344194764981504     
           2           3   1.0077034894031685     
           3           4   1.7104159875510581     
           3           5   1.1380292045154816     
           4           5  0.17646865948364177     
           5           6  0.92148317737572660     
           6           7   1.0020838964308134     
           6           8  0.98740912165777772     
           8           9  0.99596757614664622     
           9          10   1.0101018908359993     
           9          11   1.0071930831172646     
           1          12  0.97557562850782586     
           1          13  0.97008436636902917     
           2          14  0.96492982696988250     
           6          15  0.95590619069950944     
           7          16  0.98494025113689798     
           7          17  0.98531366553625521     
           7          18  0.98390244116022074     
           8          19  0.97236582391662751     
           8          20  0.97381790487779463     
           9          21  0.96880313595214507     
          10          22  0.98581871515701469     
          10          23  0.98683214812554787     
          10          24  0.98027404858255618     
          11          25  0.98674190085814306     
          11          26  0.98639589332707411     
          11          27  0.98697520704457697     
