   -0.10666333
   -0.05615538
   -0.06986015
    0.07524271
   -0.32133959
    0.07921729
    0.07246937
   -0.30715781
    0.04139200
    0.27781136
   -0.36248860
   -0.19498876
    0.42173107
   -0.40109352
   -0.28194695
    0.07218207
   -0.06406520
   -0.05040381
   -0.10893835
    0.03891969
    0.03483881
    0.03740853
    0.03201618
    0.03770238
    0.04495083
    0.03441936
    0.06052563
    0.02407455
    0.03152391
    0.04195478
    0.03845566
    0.04491030
    0.05890103
    0.08408555
    0.24342893
    0.07020226
    0.04873892
    0.04084838
    0.04496384
    0.03049058
    0.03933011
    0.03478111
    0.03390909
    0.05367517
