           1           2   1.0201289534329174     
           2           3   1.0069357086546882     
           3           4  0.99735807103363638     
           4           5  0.97183741051385952     
           5           6  0.98708668297313007     
           6           7  0.99781400132853038     
           7           8  0.97789374779292126     
           8           9  0.99455373587080687     
           9          10  0.93978949323096139     
          10          11   1.7777022506139042     
          10          12   1.1605642781519707     
          11          12  0.15500365221401741     
          12          13   1.0845672553813903     
          12          14  0.11538808251255531     
          13          14   1.7137383093107370     
          13          15   1.0899475242445362     
          14          15  0.15690417183527353     
          15          16  0.93651304010038583     
          16          17  0.99906503204243902     
          17          18   1.0075423842185547     
          18          19   1.0204363851916718     
           1          20  0.98701559215353152     
           1          21  0.98722551979605100     
           1          22  0.98740236044732843     
           2          23  0.97646844587574377     
           2          24  0.97788328975062111     
           3          25  0.97514410731568124     
           3          26  0.97685011208568384     
           4          27  0.96497337362804847     
           4          28  0.96750112451520764     
           6          29  0.96627472305154494     
           6          30  0.96485155603141659     
           7          31  0.96739387850556580     
           7          32  0.96909893272517811     
           9          33  0.95853387709451121     
           9          34  0.94589694216058740     
          12          35  0.88482419635018761     
          16          36  0.96334920029327642     
          16          37  0.96980254720473813     
          17          38  0.97366150222640613     
          17          39  0.97309795275712396     
          18          40  0.97769772070149918     
          18          41  0.97635518259634635     
          19          42  0.98707264374525394     
          19          43  0.98749563374046612     
          19          44  0.98259587990206987     
