           1           2   1.2811361314302250     
           1           3  0.23280580488192343     
           2           3   1.7223897502196084     
           2           4  0.88163120090683644     
           4           5   1.7485373463463592     
           4           6   1.1951080783532271     
           5           6  0.19246047392764909     
           1           7  0.93148787761034191     
           1           8  0.93623294965221127     
           6           9  0.85634530882855087     
