           1           2   1.0164278715157968     
           2           3  0.98052491539992781     
           3           4   1.7736954675785253     
           3           5   1.0715364392905693     
           4           5  0.15347390228310839     
           5           6  0.99598514323399834     
           6           7   1.3933870175806375     
           7           8   1.4451647445186733     
           8           9   1.4270350938514014     
           7          10  0.10675077015278468     
           9          10   1.4522764156938495     
           6          11   1.3468861857029544     
           8          11  0.10230372040931962     
          10          11   1.3927858026253490     
          11          12  0.99058160258412076     
          12          13   1.7193596240295355     
          12          14   1.1351534439310647     
          13          14  0.17196600596563236     
          14          15  0.95668136749844834     
           1          16  0.98666847964031790     
           1          17  0.98513886819001018     
           1          18  0.98750492708377624     
           2          19  0.96452363590050072     
           2          20  0.93835874710977663     
           7          21  0.96624495268134736     
           8          22  0.96933013793283906     
           9          23  0.96910345105067064     
          10          24  0.96614113015655656     
          15          25  0.98168296062106319     
          15          26  0.97583551958951786     
          15          27  0.97664738391308870     
