           1           2   1.9754775790929369     
           2           3   1.0258509209502320     
           3           4  0.98674267200719212     
           4           5  0.93598090575165838     
           5           6   1.0155788630148859     
           5           7   1.8536786251135731     
           4           8  0.93909524641465769     
           8           9   1.0173432464923438     
           8          10   1.8420834651699467     
           1          11  0.97607761743829524     
           1          12  0.97032809183671098     
           2          13  0.96442922801635755     
           3          14  0.95750721499945290     
           3          15  0.95297384470592195     
           4          16  0.95647598001940948     
           6          17  0.98039986391316503     
           6          18  0.95407478826202630     
           6          19  0.95707343094460628     
           9          20  0.98025674965827814     
           9          21  0.95604222250081983     
           9          22  0.95176012560966505     
