           1           2   1.0548183138171194     
           2           3   1.8533944683273962     
           3           4   1.0272055460274392     
           4           5   1.7104214079640476     
           4           6   1.1172641075420822     
           5           6  0.16910555227486906     
           6           7  0.94291660045818559     
           7           8  0.99318165266970848     
           8           9   1.0079336696606325     
           8          10   1.0094022425807601     
           1          11  0.96144477101713810     
           1          12  0.98410770051317820     
           1          13  0.96119311871792967     
           2          14  0.96051581781988593     
           3          15  0.96384369073994003     
           7          16  0.96649077445691733     
           7          17  0.96677802898613741     
           8          18  0.96708125017307278     
           9          19  0.98646043837906183     
           9          20  0.98574478077139516     
           9          21  0.98642918494490228     
          10          22  0.98532942512257282     
          10          23  0.98656604722244368     
          10          24  0.98633242877321314     
