           1           2   1.0090723874445264     
           2           3  0.98033646700290800     
           3           4   1.2763698808694270     
           3           5  0.21256203161535256     
           4           5   1.7095596161402746     
           3           6  0.99209323984344255     
           6           7   1.0066730925646150     
           1           8  0.98672259268454088     
           1           9  0.98556328409609284     
           1          10  0.98430015739268417     
           2          11  0.96626801549177055     
           2          12  0.97106880538678564     
           4          13  0.91957784121519537     
           6          14  0.97013495454293630     
           6          15  0.97035364122032297     
           7          16  0.98454012127763413     
           7          17  0.98692553703378250     
           7          18  0.98558323910255186     
