           1           2   1.0196792278010698     
           2           3  0.95260744965331756     
           3           4  0.98121594827619485     
           4           5   1.9261149599027352     
           3           6  0.96710011312839850     
           6           7   1.0187995129079923     
           3           8  0.98205712890093322     
           8           9  0.97859135254238117     
           9          10   1.0543116258670373     
          10          11   2.8474572273145218     
           1          12  0.98538604438720667     
           1          13  0.98560011226089550     
           1          14  0.98438185099970954     
           2          15  0.97223480286448249     
           2          16  0.97531395747952032     
           4          17  0.92807591462030625     
           6          18  0.97261051807678434     
           6          19  0.97468168160776103     
           7          20  0.98581389816684506     
           7          21  0.98563340730262672     
           7          22  0.98562104012187579     
           8          23  0.97233776174066144     
           8          24  0.97654468189144228     
           9          25  0.93823719443722975     
           9          26  0.94442663842109276     
