           1           2   1.9792063296651670     
           2           3   1.0217356517476224     
           3           4  0.94509009715896730     
           4           5   1.1331319046431949     
           4           6  0.17165462725673308     
           5           6   1.7581643969311487     
           5           7  0.93845135904080179     
           7           8   1.0002011609331984     
           7           9  0.98371534541812466     
           7          10  0.98371561519039785     
           1          11  0.97338055466682405     
           1          12  0.97626573553244755     
           2          13  0.96420868031377327     
           3          14  0.95145032477820701     
           3          15  0.95145046361990870     
           8          16  0.98480982669179595     
           8          17  0.98480965217635541     
           8          18  0.98557901995122466     
           9          19  0.98626238477603700     
           9          20  0.98327598334520161     
           9          21  0.98463641897079723     
          10          22  0.98463528455107530     
          10          23  0.98626218863746340     
          10          24  0.98327574901253256     
