           1           2   1.0193234972014829     
           2           3   1.0077822150502671     
           3           4   1.0055942462913046     
           4           5   1.0053544412915798     
           5           6  0.93758815037252863     
           6           7   1.1326067176889809     
           7           8  0.98503582693198899     
           6           9  0.17278057906367547     
           7           9   1.7564189442104756     
           1          10  0.98777192044500339     
           1          11  0.98777192137726044     
           1          12  0.98719904194194075     
           2          13  0.97838500029200759     
           2          14  0.97838496338314829     
           3          15  0.97694026784109855     
           3          16  0.97694024415232761     
           4          17  0.97545587470437678     
           4          18  0.97545588542096873     
           5          19  0.96851077869297086     
           5          20  0.96851075884977578     
           8          21  0.96502219131833678     
           8          22  0.96502230045925907     
           8          23  0.98338844478045551     
