   -0.10216120
   -0.05296889
   -0.05900948
   -0.05861861
   -0.05822410
   -0.05883861
   -0.05848355
   -0.05961291
   -0.05980940
   -0.05706212
   -0.08352724
    0.21478642
   -0.32009848
    0.03284031
    0.03322684
    0.03322685
    0.02871652
    0.02871653
    0.02973397
    0.02973399
    0.02902654
    0.02902654
    0.02912362
    0.02912362
    0.03019226
    0.03019224
    0.02943259
    0.02943258
    0.03258217
    0.03258217
    0.03019120
    0.03019123
    0.04745316
    0.04745332
    0.06427571
    0.06427522
    0.01287902
