           1           2   1.0191092264084050     
           2           3   1.0077303496046757     
           3           4   1.0070542802484714     
           4           5   1.0068085838947367     
           5           6   1.0067822895049428     
           6           7   1.0067557774218594     
           7           8   1.0068490976043185     
           8           9   1.0067526697126505     
           9          10   1.0074417472642421     
          10          11   1.0064359864730603     
          11          12   1.0145851485568913     
          12          13   1.9264072442305591     
           1          14  0.98752991926073164     
           1          15  0.98800768606836054     
           1          16  0.98800767930530564     
           2          17  0.97863130583831359     
           2          18  0.97863129368785284     
           3          19  0.97752029816016128     
           3          20  0.97752029271742913     
           4          21  0.97750624392472973     
           4          22  0.97750625106911826     
           5          23  0.97752787943182984     
           5          24  0.97752785927475960     
           6          25  0.97744926328418691     
           6          26  0.97744930321437318     
           7          27  0.97749207229190871     
           7          28  0.97749211807903336     
           8          29  0.97728950274166149     
           8          30  0.97728954422195491     
           9          31  0.97728765816437480     
           9          32  0.97728767924759175     
          10          33  0.97574119699991446     
          10          34  0.97574118749461869     
          11          35  0.94368268288672796     
          11          36  0.94368329797981376     
          12          37  0.93021222168433337     
