           1           2   1.9259077404821703     
           2           3   1.0245997099390582     
           2           4   1.0130685817191734     
           4           5  0.97913835648712078     
           5           6  0.99748361667974828     
           6           7  0.99717795888404082     
           7           8   1.0080004607694077     
           7           9  0.99756305461111128     
           9          10   1.0074825135989802     
           5          11  0.98079124126720429     
          10          11  0.98792426803659894     
          11          12  0.98287904307261709     
           1          13  0.97597698272978117     
           1          14  0.97611383542210639     
           3          15  0.98481528021282183     
           3          16  0.97532180578105421     
           3          17  0.96776757332547070     
           4          18  0.96020136653990629     
           4          19  0.97412309286150922     
           5          20  0.96356135489899031     
           6          21  0.97359135994515777     
           6          22  0.97469180176530368     
           7          23  0.96805406600097266     
           8          24  0.98640947471708829     
           8          25  0.98652802920958271     
           8          26  0.98678748902984359     
           9          27  0.97626048650070807     
           9          28  0.97641956308052946     
          10          29  0.97609746539747944     
          10          30  0.97527708374833200     
          11          31  0.96012194891117408     
          12          32  0.90226102366399152     
