           1           2   1.0193146095681920     
           2           3   1.0077633564676092     
           3           4   1.0068476881286370     
           4           5   1.0011775666542264     
           5           6  0.96888733069440003     
           6           7   1.0623347662818765     
           7           8   1.3769099042275945     
           8           9   1.4353485582703749     
           9          10   1.4487330712933757     
           8          11  0.10371754776692110     
          10          11   1.4175201315431583     
           7          12   1.3472387985326755     
           9          12  0.11040177363541552     
          11          12   1.4718010103333694     
           1          13  0.98784533068428648     
           1          14  0.98784533652240025     
           1          15  0.98726706596357205     
           2          16  0.97841139316071724     
           2          17  0.97841140020377826     
           3          18  0.97711609971842228     
           3          19  0.97711610240457381     
           4          20  0.97585376807982382     
           4          21  0.97585376762065235     
           5          22  0.96754020198977819     
           5          23  0.96754019038810579     
           8          24  0.96683899880351643     
           9          25  0.97142845230890529     
          10          26  0.97160199637037170     
          11          27  0.97083561569351584     
          12          28  0.96867895849569130     
