           1           2   1.0121296423078279     
           2           3  0.93366531401723862     
           3           4   1.1584259917035638     
           3           5  0.17720230302050791     
           4           5   1.7273183538289125     
           4           6  0.95085567801870852     
           6           7  0.95572813234973442     
           7           8  0.99417153321714702     
           7           9  0.99508807219041784     
           7          10  0.99768189836987675     
           6          11  0.93752283033690520     
           6          12  0.92910117006802206     
          11          12  0.96042965351075904     
           1          13  0.98571067463080264     
           1          14  0.98477928580526919     
           1          15  0.98326512086396456     
           2          16  0.97210367760463079     
           2          17  0.96869478680955723     
           8          18  0.98613366639951894     
           8          19  0.98448996299796099     
           8          20  0.98314793461215066     
           9          21  0.98614125098705030     
           9          22  0.98439138074483035     
           9          23  0.98040383533341169     
          10          24  0.98330130787000003     
          10          25  0.98329953637289325     
          10          26  0.98421435426021997     
          11          27  0.97188749090058479     
          11          28  0.96700351748808333     
