   -0.10955350
   -0.06225299
    0.08125935
   -0.26420361
    0.36357208
   -0.42505731
   -0.08540796
   -0.08438716
    0.26774625
   -0.45514452
   -0.10024899
   -0.00046950
   -0.11799544
    0.00232016
   -0.11027682
    0.04673722
    0.04200186
    0.04029528
    0.05352395
    0.05051732
    0.04555969
    0.05407271
    0.09180934
    0.06344764
    0.06513525
    0.05293610
    0.04379535
    0.04916387
    0.04229654
    0.04295758
    0.06799177
    0.07436631
    0.04077325
    0.04475285
    0.03640777
    0.05155831
