           1           2   1.0184941220938619     
           2           3   1.0054817987636047     
           3           4  0.93553202102095601     
           4           5   1.1463483939985626     
           4           6  0.17124500602314385     
           5           6   1.7383908714472609     
           5           7  0.97033196370305907     
           7           8   1.0064707393021308     
           8           9  0.96112012012726311     
           9          10   1.6632520189486171     
           9          11   1.2577369138490777     
          10          11  0.19258584480126834     
          11          12  0.99026106111645851     
          12          13   1.0057032027298323     
          11          14  0.98135008852701877     
          14          15   1.0095207513126194     
           1          16  0.98647381373232346     
           1          17  0.98730740912731330     
           1          18  0.98738665437071671     
           2          19  0.97619451992219730     
           2          20  0.97640733410592939     
           3          21  0.96839376754013162     
           3          22  0.96831212190589844     
           7          23  0.95547541111257051     
           7          24  0.95172193739447675     
           8          25  0.96496133147004826     
           8          26  0.95832377184140505     
          12          27  0.96965895207999153     
          12          28  0.97046536099706671     
          13          29  0.98505836834413729     
          13          30  0.98633994180177342     
          13          31  0.97943895235663658     
          14          32  0.96575476477483990     
          14          33  0.97148642943221275     
          15          34  0.98470254522203504     
          15          35  0.98580789058914586     
          15          36  0.98682340613161434     
