           1           2  0.98861768486260060     
           2           3   1.0062086778951698     
           3           4  0.99857797409379134     
           4           5   1.0128302419745421     
           1           6  0.90137352420509709     
           2           7  0.97083468215113422     
           2           8  0.97269786953204518     
           3           9  0.97524148872558303     
           3          10  0.97337439372326229     
           4          11  0.97324725655072708     
           4          12  0.96670492652508200     
           5          13  0.87185576899940231     
