           1           2   1.0024279330292172     
           2           3  0.98915116288010585     
           3           4  0.97816694519388914     
           4           5  0.98998509229770393     
           4           6  0.98761110229589577     
           4           7  0.95143509080502209     
           7           8  0.96154073430504150     
           8           9  0.97374852933889500     
           8          10  0.98028549454714475     
           2          11  0.96412099711957411     
           8          11  0.96259975962199762     
           1          12  0.98515883514482017     
           1          13  0.98578947250194293     
           1          14  0.98484686805499821     
           2          15  0.95469046941091595     
           3          16  0.97360167370518780     
           3          17  0.97634548420825906     
           5          18  0.98456180683413896     
           5          19  0.98563669336073545     
           5          20  0.98467875483614242     
           6          21  0.98516834849760770     
           6          22  0.98509395853079229     
           6          23  0.97945902750611369     
           9          24  0.97812468279453324     
           9          25  0.98567160996430181     
           9          26  0.98548955305719987     
          10          27  0.98485123867690927     
          10          28  0.98437186470181803     
          10          29  0.98424386124272467     
