           1           2   1.0135923374035054     
           2           3  0.99588160067214082     
           3           4  0.97867878463550340     
           4           5  0.97735386209686947     
           4           6  0.98763666191312316     
           6           7   1.4155967417621098     
           7           8   1.4427067691123820     
           6           9  0.10962601882690816     
           8           9   1.4405379546763406     
           7          10  0.11119257825613377     
           9          10   1.4370047785476137     
           6          11   1.4121466498945319     
           8          11  0.11173921811145753     
          10          11   1.4466628033203159     
           1          12  0.87084665212162804     
           2          13  0.97227497717828471     
           2          14  0.96661141449192323     
           3          15  0.97296867303297285     
           3          16  0.97531999923717327     
           4          17  0.95666154900300548     
           5          18  0.89783670635938562     
           7          19  0.96741703968639370     
           8          20  0.97091420259800321     
           9          21  0.97132595229677920     
          10          22  0.97095443489932864     
          11          23  0.96902297776933288     
