           1           2  0.98879518940101163     
           2           3   1.0606718049192492     
           3           4   1.4135534329807034     
           4           5   1.4010274927850850     
           5           6   1.4667420774852460     
           6           7   1.4010274863033489     
           3           8   1.2632338603612423     
           7           8   1.4135534502404783     
           8           9   1.0606717835563604     
           9          10  0.98879520379000529     
           1          11  0.97601426699378524     
           1          12  0.97601427047270373     
           1          13  0.97934290050569406     
           4          14  0.96569259955365849     
           5          15  0.97136737590045585     
           6          16  0.97136737648221705     
           7          17  0.96569259868320534     
          10          18  0.97934289046188738     
          10          19  0.97601425917825724     
          10          20  0.97601427530969054     
