           1           2   1.0099170149638317     
           2           3  0.99337077989900768     
           3           4   1.0152325558551007     
           4           5   1.9240437298901110     
           2           6  0.99396200721008354     
           6           7  0.98458856996788435     
           7           8   1.0001297647191343     
           7           9  0.99957308320503757     
           7          10  0.99596001126148859     
           1          11  0.98654920546140334     
           1          12  0.98646283804605317     
           1          13  0.98172515736034227     
           2          14  0.96105475199703583     
           3          15  0.93378874762669173     
           3          16  0.95138815216283257     
           4          17  0.92989207976912958     
           6          18  0.97514712257053193     
           6          19  0.97418658530655544     
           8          20  0.98090420873094275     
           8          21  0.98463808899809302     
           8          22  0.98553126681624148     
           9          23  0.98504764149531854     
           9          24  0.98514363258062021     
           9          25  0.98340728276584988     
          10          26  0.98556990517139498     
          10          27  0.98616188402502913     
          10          28  0.98626577874798493     
