           1           2  0.95993218144405490     
           2           3  0.99043715162018620     
           2           4  0.93766806840879557     
           2           5  0.95318791498147393     
           5           6  0.97673809238289400     
           5           7  0.99344541067175618     
           7           8  0.98496865767517727     
           7           9  0.97214543142672849     
           5          10  0.95288085566217162     
           7          11  0.95824354063605566     
