           1           2   1.0209704358360761     
           2           3  0.99512197155889881     
           3           4  0.96765761878200740     
           4           5   1.7470146699786797     
           4           6   1.1411301564886025     
           5           6  0.17435202638012967     
           6           7  0.91895993111127683     
           7           8  0.98888439309469245     
           8           9   1.0065246528812855     
           9          10   1.0092538847943187     
          10          11   1.0092051890025433     
           7          12  0.99427856157534444     
          11          12   1.0064265338362293     
           1          13  0.98687182427642883     
           1          14  0.98733259612200674     
           1          15  0.98700307385147745     
           2          16  0.97603998253871527     
           2          17  0.97768090942829633     
           3          18  0.95245763674340744     
           3          19  0.97409163140126453     
           7          20  0.95947618934779810     
           8          21  0.97575302166268019     
           8          22  0.97550541749745612     
           9          23  0.97715522977192160     
           9          24  0.97676472434695305     
          10          25  0.97707947595869182     
          10          26  0.97720395469141819     
          11          27  0.97697713669434394     
          11          28  0.97726455618843433     
          12          29  0.97609250086513777     
          12          30  0.97465003695929986     
