           1           2   1.0191285956977325     
           2           3   1.0064207087870845     
           3           4  0.99753583627851239     
           4           5  0.96843616853910774     
           5           6   1.2039238297082462     
           6           7  0.98516545558620150     
           5           8  0.17354322532269556     
           6           8   1.6904807143274621     
           5           9   1.0367238491033293     
           9          10   1.3847078536818511     
          10          11   1.4490753410031190     
           9          12  0.10280928046544432     
          11          12   1.4356939860492623     
          10          13  0.10809379222358501     
          12          13   1.4336817909479767     
           9          14   1.3807243046906663     
          11          14  0.10832557783307509     
          13          14   1.4510679388834604     
           1          15  0.98793339053436058     
           1          16  0.98720344774555313     
           1          17  0.98762050754017261     
           2          18  0.97815863600365416     
           2          19  0.97846887338543309     
           3          20  0.97431245781644149     
           3          21  0.97404715951936727     
           4          22  0.97408000190575017     
           4          23  0.96515156126389678     
           7          24  0.96354354171448864     
           7          25  0.97543979245647983     
           7          26  0.98095311485080328     
          10          27  0.96550593830486586     
          11          28  0.97065588215948084     
          12          29  0.97122585882976897     
          13          30  0.97048236684149525     
          14          31  0.96783554308074327     
