   -0.10232188
   -0.05325172
   -0.05857088
   -0.06235058
   -0.02479678
   -0.06073194
   -0.10421592
    0.08563916
   -0.32388090
    0.07238919
    0.09852463
   -0.44761088
    0.07316118
   -0.43126659
    0.03302943
    0.03474311
    0.03216605
    0.02896697
    0.02991541
    0.03390973
    0.02838973
    0.03993345
    0.03831963
    0.04448947
    0.04048686
    0.03016807
    0.04126119
    0.03612531
    0.03131453
    0.01898762
    0.01770293
    0.02604557
    0.01989051
    0.03791135
    0.30809425
    0.04552133
    0.03195608
    0.30995530
