           1           2   1.0200331384290475     
           2           3   1.0067527194735384     
           3           4   1.0082719331863750     
           4           5  0.99616920182238944     
           5           6  0.99509623399073743     
           6           7   1.0200702348926269     
           5           8  0.98908280799501425     
           8           9  0.97295072823656370     
           9          10  0.98744766382454208     
          10          11  0.98155159636032807     
          11          12  0.99448528537791792     
          11          13  0.98053120567311358     
          13          14   1.0156794102039379     
           1          15  0.98772078190185142     
           1          16  0.98669483566058869     
           1          17  0.98756033959730705     
           2          18  0.97857836334625470     
           2          19  0.97808220276855473     
           3          20  0.97581172560045715     
           3          21  0.97696375835522864     
           4          22  0.97380398778711552     
           4          23  0.97265207316977609     
           5          24  0.96460907762125492     
           6          25  0.97540099196750196     
           6          26  0.97689023650724094     
           7          27  0.98488107932924562     
           7          28  0.98677528805910664     
           7          29  0.98706665091597678     
           8          30  0.96620839003741199     
           8          31  0.96686999762366899     
          10          32  0.96514367187095917     
          10          33  0.96650277576373811     
          11          34  0.95814879228178951     
          12          35  0.88350344193148067     
          13          36  0.97263612209105077     
          13          37  0.96634277948114877     
          14          38  0.88667686175519711     
