           1           2  0.98310523534767902     
           2           3  0.99400433806053656     
           3           4   1.0083582126595581     
           4           5   1.0090218061130485     
           5           6   1.0091224680336424     
           2           7  0.98896759737653150     
           6           7   1.0076356873844963     
           1           8  0.90278473275365090     
           2           9  0.96099519032070801     
           3          10  0.97504494761647031     
           3          11  0.97573693126705685     
           4          12  0.97734764018376274     
           4          13  0.97745545422911584     
           5          14  0.97739957849565551     
           5          15  0.97743775827624746     
           6          16  0.97753144004166947     
           6          17  0.97743996660620935     
           7          18  0.97605250090479700     
           7          19  0.97596262527919286     
