   -0.10613837
    0.01036505
   -0.10658334
    0.10047963
   -0.05931700
   -0.04206355
    0.15267255
   -0.06889365
   -0.02331931
   -0.06356729
    0.14441260
   -0.25825285
    0.11171045
    0.07422067
   -0.26047689
    0.13061005
   -0.08622007
    0.12486735
   -0.25701654
    0.03321049
    0.10329119
   -0.27777926
    0.03760693
   -0.08016187
   -0.03441710
   -0.04474342
    0.23153538
   -0.38095918
   -0.25427971
    0.03740104
    0.04663985
    0.04721059
    0.05966616
    0.04774643
    0.04815390
    0.05576236
    0.05538151
    0.05742258
    0.06915465
    0.02668078
    0.03886053
    0.06763355
    0.07343999
    0.05147904
    0.05957835
    0.05070986
    0.06049573
    0.04278756
    0.04097200
    0.05594899
    0.05608160
