           1           2   1.9299798222471969     
           2           3   1.0287519453233971     
           2           4  0.98637251415986549     
           4           5  0.97244761286807990     
           5           6   1.0116832120000991     
           6           7   1.3299632736487914     
           7           8   1.3282142988745294     
           8           9   1.4865555393090284     
           9          10   1.3500479756299746     
           6          11   1.3751295340619847     
          10          11   1.2747778964668151     
          11          12   1.0834075936244993     
          12          13  0.95575060255109812     
          13          14  0.97875612854066618     
          14          15  0.98690934538445330     
          15          16   1.0446077721922515     
          16          17   1.3626526287185057     
          17          18   1.3931992631919801     
          18          19   1.0725783727946807     
          19          20  0.97745274898213785     
          18          21   1.2807954855686505     
          21          22   1.0367319342074295     
          22          23  0.98575747285985049     
          21          24   1.4039037367354914     
          16          25   1.3540343426564134     
          24          25   1.3895610230979631     
          13          26  0.97576188916239492     
          25          26  0.97398830794794800     
          10          27   1.0828541111178853     
          26          27  0.95037490202631081     
          27          28   1.7827710216904840     
           4          29  0.93978931288046019     
           7          29   1.1048176151305198     
           1          30  0.97528528878938514     
           1          31  0.97427870227145830     
           3          32  0.98433785746466429     
           3          33  0.96652039152749869     
           3          34  0.97008133910790573     
           4          35  0.96213870994549366     
           5          36  0.96406461203526495     
           5          37  0.96385953473978814     
           8          38  0.96662970408389182     
           9          39  0.96472482876452759     
          13          40  0.95769866015874894     
          14          41  0.96499203006409429     
          14          42  0.96710714452895064     
          17          43  0.96273830388168835     
          20          44  0.97725091182857915     
          20          45  0.97938999657934001     
          20          46  0.97778922767848553     
          23          47  0.97878317285394500     
          23          48  0.97570427402926518     
          23          49  0.97593504937374731     
          24          50  0.95955951819238838     
          26          51  0.95049115106913984     
