           1           2   1.9885094671208434     
           2           3   1.0106157113038297     
           3           4  0.92383347434378238     
           4           5   1.1559200993914385     
           4           6  0.17405965329793102     
           5           6   1.7377367038933560     
           5           7  0.94621701554139581     
           7           8  0.95154186135912655     
           8           9   1.0178246477490269     
           8          10   1.8718773189834366     
           1          11  0.97525304628175058     
           1          12  0.97324057020917354     
           2          13  0.96462181033270900     
           3          14  0.96598817079192978     
           3          15  0.95844593867614236     
           7          16  0.94933442384191924     
           7          17  0.97038230508727885     
           9          18  0.95224163770916836     
           9          19  0.95287411832977942     
           9          20  0.98061120129158541     
