   -0.10659119
    0.00766952
   -0.10682038
   -0.05832484
   -0.05098802
   -0.06303755
    0.01408261
   -0.11023599
   -0.06683153
    0.08762886
   -0.26627742
    0.35031292
   -0.43126667
   -0.01006779
   -0.07190790
    0.07389276
   -0.11209853
   -0.22948540
    0.09825768
    0.06050897
   -0.02678626
   -0.02339171
   -0.02874707
   -0.02588841
   -0.03247827
    0.04010010
    0.04079243
    0.03973530
    0.04050811
    0.04006303
    0.03794103
    0.02642040
    0.03426146
    0.03228809
    0.04072013
    0.03874451
    0.04143451
    0.04802799
    0.05032930
    0.04888101
    0.05220161
    0.04886707
    0.04379592
    0.05022505
    0.05999824
    0.04987305
    0.04450503
    0.04234993
    0.03938764
    0.04128294
    0.05613772
