           1           2   1.0241610038772608     
           2           3   1.0218333223964593     
           2           4   1.8848887343620300     
           4           5   1.0228388150481873     
           5           6  0.96781497597816712     
           6           7   1.0111240988816879     
           7           8   1.0276796511950270     
           7           9   1.8781756925550828     
           9          10   1.0180851109148279     
          10          11  0.93002634122008299     
          11          12   1.1252120106668035     
          11          13  0.17041293245012651     
          12          13   1.6978940277993244     
          12          14   1.0249634776824803     
          14          15   1.4334607805004285     
          15          16   1.3571861590450722     
          16          17   1.0288059397884404     
          14          18  0.13519305190717087     
          16          18   1.4601874542929281     
          14          19   1.2144098783755231     
          18          19   1.2131405312659211     
          19          20   1.0209498341332925     
          20          21   1.3868342366633242     
          21          22   1.4476024792568603     
          20          23  0.10248778648914013     
          22          23   1.4357193733799460     
          21          24  0.10949450121809737     
          23          24   1.4358887997963887     
          20          25   1.3857777537908933     
          22          25  0.10910276944852856     
          24          25   1.4484690703615879     
           1          26  0.97720590993310263     
           1          27  0.96950672253091552     
           1          28  0.97961667907640670     
           3          29  0.97487601084813114     
           3          30  0.97233118840820265     
           3          31  0.98479463996412919     
           4          32  0.96611453034997230     
           5          33  0.96668914733678979     
           5          34  0.97544863443055485     
           6          35  0.97436182769478075     
           6          36  0.97170656064286176     
           8          37  0.97640516401946975     
           8          38  0.96595859587882926     
           8          39  0.97701037487417741     
           9          40  0.96093342868534437     
          10          41  0.95308456202971858     
          10          42  0.95891273052853854     
          15          43  0.97186197194900592     
          17          44  0.97064006927388091     
          17          45  0.98337834058824269     
          17          46  0.97284796377882654     
          21          47  0.96801991080611027     
          22          48  0.97016314920136693     
          23          49  0.97097513811111491     
          24          50  0.97017383229941490     
          25          51  0.96679292287434893     
