           1           2   1.0193327488325108     
           2           3  0.99252619346471049     
           3           4  0.99845960424577640     
           3           5  0.98090841831813458     
           5           6  0.99257481488297838     
           1           7  0.98713150042083220     
           1           8  0.98565034809116037     
           1           9  0.98784885982138615     
           2          10  0.97617825623568000     
           2          11  0.97754942548875368     
           3          12  0.95814257938379832     
           4          13  0.88786929488027033     
           5          14  0.97099018293998018     
           5          15  0.97180003820485772     
           6          16  0.90165237400363818     
