           1           2   1.0199892295085318     
           2           3   1.0049358802213784     
           3           4  0.97633293992999703     
           4           5   1.7581861437157065     
           4           6   1.1104549041938558     
           5           6  0.16510110683177590     
           6           7  0.94577094723394051     
           7           8  0.97432330369049880     
           8           9   1.0080987375780979     
           9          10   1.0107099392584356     
          10          11  0.98589579097850355     
           7          12  0.95175209442778763     
          11          12  0.98904825909996141     
          12          13   1.8899900160959744     
           1          14  0.98685626114508573     
           1          15  0.98765560043434752     
           1          16  0.98747477006198769     
           2          17  0.97823894062716032     
           2          18  0.97585710383500923     
           3          19  0.94374760943022684     
           3          20  0.96323465365733418     
           7          21  0.93876359392833741     
           8          22  0.97321917469523189     
           8          23  0.97467759266221998     
           9          24  0.97632854589365403     
           9          25  0.97368397551584907     
          10          26  0.97749416450262305     
          10          27  0.97448119405887368     
          11          28  0.95333511610883659     
          11          29  0.97288113390920572     
