           1           2   1.0203688251665926     
           2           3  0.95375596950932773     
           3           4  0.96871908911645122     
           3           5   1.0017232278953663     
           5           6   2.8763675290013011     
           3           7  0.90615131483498357     
           7           8   1.1254239848361225     
           8           9  0.98382803549976205     
           7          10  0.17049777492445298     
           8          10   1.7577424550196494     
           1          11  0.98542498177794402     
           1          12  0.98532119032974275     
           1          13  0.98697869887627210     
           2          14  0.97405483692961992     
           2          15  0.96820947150647796     
           4          16  0.97578465557619753     
           4          17  0.98447149627289110     
           4          18  0.98268033907129770     
           9          19  0.96447704028779613     
           9          20  0.96258897049013381     
           9          21  0.98223557649435445     
