           1           2   2.8466392282583888     
           2           3   1.0560522410296234     
           3           4  0.95881909978015789     
           4           5   1.0264592229627096     
           5           6   1.8367058898969031     
           6           7   1.1046912300138714     
           5           8  0.12307851625083235     
           7           8   1.7899994589741068     
           8           9   1.0316155675750061     
           9          10   1.0062052553513678     
          10          11   1.0092860809916655     
           7          12   1.0064733794539495     
          11          12   1.0069298102458566     
           3          13  0.94648404078411463     
           3          14  0.94586137109805923     
           4          15  0.97592186392850200     
           4          16  0.96498391648161741     
           5          17  0.96357091208574819     
           6          18  0.96091180024941825     
           8          19  0.96585002765373296     
           9          20  0.95431904627054220     
           9          21  0.96553469391637614     
          10          22  0.97847311270353143     
          10          23  0.97824507318111564     
          11          24  0.97818166679339502     
          11          25  0.97831722922761899     
          12          26  0.96217872466321175     
          12          27  0.96689177895162493     
