           1           2  0.98260623350269116     
           2           3  0.98498028808674698     
           2           4  0.93719032738897878     
           4           5   1.0184056516451294     
           5           6   1.4053433783118927     
           6           7   1.4482147594604537     
           5           8  0.10846840087539902     
           7           8   1.4356799120202202     
           6           9  0.11068738837467086     
           8           9   1.4397919737213574     
           5          10   1.4063706831112084     
           7          10  0.10978575163780130     
           9          10   1.4432339440379918     
           2          11  0.97808240173892891     
          11          12   1.4190637183552004     
          12          13   1.4389009830517185     
          11          14  0.10990746134348892     
          13          14   1.4436862816210381     
          12          15  0.11045945822826657     
          14          15   1.4332566524164019     
          11          16   1.4085502298156283     
          13          16  0.11189896118877880     
          15          16   1.4504497959261866     
           1          17  0.98146553769229949     
           1          18  0.98523604475019799     
           1          19  0.98279050766033416     
           3          20  0.88888880333341425     
           4          21  0.97066628635325936     
           4          22  0.97005156748918742     
           6          23  0.96914810201223234     
           7          24  0.97123949943353849     
           8          25  0.97161721333516660     
           9          26  0.97123905787541198     
          10          27  0.96763919667201170     
          12          28  0.96497419064251200     
          13          29  0.97095049627557739     
          14          30  0.97147240669019264     
          15          31  0.97130031085623492     
          16          32  0.96619900689861016     
