           1           2   1.0189970866764080     
           2           3   1.0094366658291671     
           3           4  0.95568582697121374     
           4           5   1.0127034003457374     
           4           6  0.95494999440804074     
           6           7   1.7485851261776804     
           6           8   1.1492796298306440     
           7           8  0.17103545103434850     
           1           9  0.98776259288358292     
           1          10  0.98690125422368902     
           1          11  0.98738231286607070     
           2          12  0.97710826153000585     
           2          13  0.97613954570623562     
           3          14  0.97519334951551895     
           3          15  0.97293643017078546     
           4          16  0.94099861953304131     
           5          17  0.87161054477788436     
           8          18  0.86036819481905613     
