           1           2   1.0189160818716476     
           2           3  0.97854292085371619     
           3           4  0.99786517072215430     
           4           5   1.4011862408546485     
           5           6   1.4571071884629421     
           4           7  0.10592387572042396     
           6           7   1.4219005836036986     
           5           8  0.11078093356214765     
           7           8   1.4576195061824433     
           4           9   1.3983103458308432     
           6           9  0.10585669860288716     
           8           9   1.4014191762891364     
           9          10   1.0105047592892937     
          10          11   1.0071761682444167     
           3          12  0.97581032237020882     
          11          12  0.98701833254825722     
          12          13  0.99053086507093779     
           1          14  0.98493187091585643     
           1          15  0.98707183752522543     
           1          16  0.98598388066269316     
           2          17  0.97539672491134699     
           2          18  0.97402390582585108     
           3          19  0.95762884094571787     
           5          20  0.96852672764345460     
           6          21  0.97120098848330139     
           7          22  0.97121918800563700     
           8          23  0.96972430804534682     
          10          24  0.95850438100377366     
          10          25  0.96738243662878265     
          11          26  0.97272282455641168     
          11          27  0.97673944034844462     
          12          28  0.95987889018074124     
          13          29  0.89649098151117335     
