           1           2   1.0193299964837921     
           2           3  0.99322218317465893     
           3           4   1.0022160259749062     
           3           5  0.88690571282995956     
           5           6   1.2065951682452525     
           5           7  0.19901515261484623     
           6           7   1.7624824319454109     
           6           8  0.90104310249844910     
           8           9  0.96144951377255328     
           8          10  0.99014619462554565     
           8          11  0.96626987976360057     
           1          12  0.98709158985409640     
           1          13  0.98636048333098836     
           1          14  0.98597318089873687     
           2          15  0.97286003495642370     
           2          16  0.97398791865582157     
           3          17  0.95976790685182467     
           4          18  0.98342949940294044     
           4          19  0.98149105991899088     
           4          20  0.98427259827088454     
