           1           2   1.0025740258936495     
           2           3  0.96463187918723092     
           3           4  0.99923245669600880     
           3           5  0.99135241477665792     
           5           6   1.0076341709634375     
           6           7  0.99223473014885055     
           7           8   1.8185087367838273     
           7           9   1.0206115863281986     
           9          10   1.3834036710566724     
          10          11   1.4548112947569714     
           9          12  0.10317637140701524     
          11          12   1.4335372209437716     
          10          13  0.10629433143874216     
          12          13   1.4304248838023839     
           9          14   1.3853578278342054     
          11          14  0.10720316504173678     
          13          14   1.4569598110738733     
           1          15  0.98002015915335539     
           1          16  0.97581021343363694     
           1          17  0.97604454867649582     
           3          18  0.95888139882001999     
           4          19  0.98410540985882689     
           4          20  0.98522557166104241     
           4          21  0.98640268187001023     
           5          22  0.97319475122301302     
           5          23  0.97550690072947965     
           6          24  0.95061034434617431     
           6          25  0.94653975440516269     
          10          26  0.96522116361347332     
          11          27  0.97003856754393025     
          12          28  0.97105002055130119     
          13          29  0.97059627255814629     
          14          30  0.96660248429613183     
