           1           2   1.0192332989015944     
           2           3   1.0078435408771864     
           3           4   1.0085251973072655     
           4           5  0.98994526661989068     
           5           6  0.96951054246309420     
           6           7   1.7520414154003920     
           6           8   1.1343506514919395     
           7           8  0.17339756463002909     
           8           9  0.93767655959245821     
           9          10  0.99848222621922833     
          10          11   1.0062004866467089     
          11          12   1.0202193493603047     
           1          13  0.98793841593084286     
           1          14  0.98790467181049202     
           1          15  0.98741136572476262     
           2          16  0.97846697407064043     
           2          17  0.97833673532526200     
           3          18  0.97675519693126922     
           3          19  0.97630254573313979     
           4          20  0.97547521076723731     
           4          21  0.97614362336061156     
           5          22  0.95515788351095932     
           5          23  0.97520032145780289     
           9          24  0.97155943870550354     
           9          25  0.96722715461087561     
          10          26  0.97645215222197945     
          10          27  0.97501053512704994     
          11          28  0.97763835463254545     
          11          29  0.97800072846648800     
          12          30  0.98680948886038244     
          12          31  0.98690919659697163     
          12          32  0.98707784831940959     
