           1           2   1.0199632455301306     
           2           3  0.97414937170336069     
           3           4   1.0005064860629032     
           3           5  0.98506299727687086     
           3           6  0.98534495814528278     
           6           7   1.4039076626235425     
           7           8   1.4537009386652657     
           6           9  0.11077184135738205     
           8           9   1.4313117860393907     
           7          10  0.11195214818282540     
           9          10   1.4449550263609880     
           6          11   1.4200511443555226     
           8          11  0.10929131385477633     
          10          11   1.4376886106553814     
           1          12  0.98570460604310650     
           1          13  0.98704273117752228     
           1          14  0.98585047647473123     
           2          15  0.97612562414725412     
           2          16  0.97423860984593835     
           4          17  0.98186553933242215     
           4          18  0.98443932461549699     
           4          19  0.98450894432428582     
           5          20  0.98380470035106182     
           5          21  0.98650470073473917     
           5          22  0.98468466439918401     
           7          23  0.96540894569749236     
           8          24  0.97137437440970786     
           9          25  0.97165955392817049     
          10          26  0.97146619881594864     
          11          27  0.96612894424342710     
