           1           2  0.99364221475931713     
           2           3  0.98108871815208354     
           3           4  0.98265982896924176     
           4           5  0.99630013790218319     
           4           6  0.97901432655669574     
           6           7   1.0151836072715859     
           1           8  0.97756486849811142     
           1           9  0.97994302345858275     
           1          10  0.97721408156856482     
           3          11  0.96479618041216908     
           3          12  0.96757693479066009     
           4          13  0.95943833750749796     
           5          14  0.88247456963504156     
           6          15  0.97256088644592964     
           6          16  0.96672033734280516     
           7          17  0.88416407157939525     
