           1           2   1.8767841394239415     
           2           3   1.0299401517398210     
           2           4  0.99401586397263242     
           4           5   1.7330257475977016     
           4           6   1.1113783542601228     
           5           6  0.16785132717065571     
           6           7  0.94989104406936642     
           7           8  0.97101672033953701     
           8           9  0.98444800725568049     
           9          10   1.0063272109190473     
          10          11  0.99952136052304597     
           8          12  0.97939686597380826     
          11          12  0.98163181510435482     
           1          13  0.97401749448094987     
           1          14  0.97256016972552395     
           3          15  0.98467379367317709     
           3          16  0.96635462921294923     
           3          17  0.96618690301589116     
           7          18  0.96972319041484267     
           7          19  0.96625145288507053     
           8          20  0.96301714445954489     
           9          21  0.97832152480375545     
           9          22  0.98166747156178791     
          10          23  0.97972328611630122     
          10          24  0.98030804755060030     
          11          25  0.97226171203169764     
          11          26  0.97009769290913928     
