   -0.05116681
   -0.06023347
    0.11981490
    0.12232835
   -0.06641250
    0.00808562
   -0.06613770
   -0.05667681
   -0.06322758
    0.08837632
   -0.31672036
    0.08835453
   -0.06294075
   -0.05671798
   -0.06622227
    0.00810112
   -0.05026847
   -0.05977057
    0.11965192
    0.12196288
   -0.06715554
   -0.28703931
    0.22419923
   -0.28782022
   -0.28695630
    0.22423148
   -0.28768487
    0.04611928
    0.05356157
    0.05435168
    0.04390144
    0.04510852
    0.05215682
    0.03656286
    0.05118469
    0.03787005
    0.01396654
    0.01398966
    0.01386476
    0.01408740
    0.05145402
    0.03777734
    0.05223895
    0.03630726
    0.04475006
    0.04432543
    0.04615151
    0.05355410
    0.05448789
    0.04261420
    0.04247682
    0.04250106
    0.04268126
