           1           2   1.3978793685886739     
           2           3   1.4227279097141681     
           3           4   1.2905481921603552     
           4           5   1.4287568079250317     
           1           6   1.4425647628299403     
           5           6   1.3677186035586808     
           6           7   1.0140382404835127     
           7           8  0.98870669225856955     
           8           9   1.0094119816225020     
           9          10   1.0018163164892764     
          10          11  0.98436128112562815     
          11          12  0.98431219223474387     
          12          13   1.0017617796097218     
          13          14   1.0094573394974737     
          14          15  0.98843677018140153     
          15          16   1.0139071129753250     
          16          17   1.4377561529787037     
          17          18   1.4043131952966919     
          18          19   1.4179772050053052     
          19          20   1.2949429686604985     
          16          21   1.3726490215815483     
          20          21   1.4226943729429367     
          20          22   1.0230491458599733     
          22          23  0.98027894480854982     
          19          24   1.0209012902072701     
          23          24  0.98089754809440366     
           4          25   1.0231281357835331     
          25          26  0.98032873821451472     
           3          27   1.0211707854725569     
          26          27  0.98088008637644619     
           1          28  0.96814828231608963     
           2          29  0.96774148029119655     
           5          30  0.96586343106116779     
           7          31  0.97444006481825562     
           7          32  0.96901884028296137     
           8          33  0.97430902726436686     
           8          34  0.97674327374089387     
           9          35  0.97502262567082210     
           9          36  0.97466868221248881     
          10          37  0.96624698437570100     
          10          38  0.96684760833419392     
          12          39  0.96627044290490693     
          12          40  0.96683078786081378     
          13          41  0.97497827984697738     
          13          42  0.97458693332699797     
          14          43  0.97424893756672848     
          14          44  0.97688612847753209     
          15          45  0.96954273322317275     
          15          46  0.97440157023199281     
          17          47  0.96844824844834143     
          18          48  0.96774557287698859     
          21          49  0.96560232688746450     
          23          50  0.96140353677477153     
          23          51  0.96150331040238468     
          26          52  0.96133853500602917     
          26          53  0.96151601084194083     
