           1           2  0.97037667846972897     
           2           3  0.97781182600972005     
           2           4  0.97650480017405061     
           2           5   1.0237487144302022     
           5           6   1.8824035617230572     
           6           7   1.0242398744049186     
           7           8  0.96865262062082247     
           8           9   1.0091384304688531     
           9          10   1.8438463640517073     
           9          11   1.0948346797385082     
          10          12  0.13491338144949130     
          11          12   1.8961525714328604     
           5          13   1.0211383858630276     
          13          14  0.97320862302600841     
          13          15  0.97424730778539170     
          13          16  0.98536542797406157     
           6          17  0.96479497539070680     
           7          18  0.97112901097326620     
           7          19  0.96832902372072360     
           8          20  0.97561256017462616     
           8          21  0.96792374424425354     
          10          22  0.97753923458794034     
          10          23  0.97604376388682423     
          11          24  0.96388014561523738     
          12          25  0.97168821623943546     
          12          26  0.97871633188710949     
