           1           2   1.0272559739487153     
           2           3   1.7893774923921186     
           3           4   1.0852799131924493     
           4           5   1.2056806455703670     
           4           6  0.16078899835573865     
           5           6   1.6945704922269396     
           5           7  0.95959089706014189     
           7           8  0.97296159106807012     
           8           9   1.0136649422563919     
           8          10  0.99190260670171848     
          10          11   1.0060743628398587     
           2          12   1.0027260081791463     
           7          12  0.98178187056873079     
          11          12  0.97523617745993496     
           1          13  0.97111008914770269     
           1          14  0.98471566073648864     
           1          15  0.97133737870421744     
           3          16  0.96330942320254909     
           4          17  0.93526752049515749     
           7          18  0.94504530679040866     
           8          19  0.96616970399345270     
           9          20  0.98594158592974113     
           9          21  0.98649787399081568     
           9          22  0.98567173793942686     
          10          23  0.98008974335764953     
          10          24  0.97856224892808896     
          11          25  0.97918377767974052     
          11          26  0.97940032179060732     
          12          27  0.96236116063826982     
