           1           2   1.0044074560281486     
           2           3   1.0039331471399500     
           3           4  0.99663930236613674     
           4           5   1.0132394893806420     
           3           6  0.97832764296415531     
           6           7  0.98596548835422237     
           6           8  0.97671533424417223     
           8           9   1.4081531218433994     
           9          10   1.4500678459368412     
           8          11  0.11104185243993372     
          10          11   1.4336402372449721     
           9          12  0.11219151082741161     
          11          12   1.4437905306365544     
           8          13   1.4222784996502216     
          10          13  0.10998331689528970     
          12          13   1.4382463823841709     
           1          14  0.98635145680824976     
           1          15  0.98394583627531884     
           1          16  0.98613685030881915     
           2          17  0.97100709135339991     
           2          18  0.96966568130812469     
           4          19  0.97007965495866166     
           4          20  0.96641354322628814     
           5          21  0.98446492571887467     
           5          22  0.98591460744587023     
           5          23  0.98767634062535237     
           6          24  0.94925331636051635     
           7          25  0.88980409946475791     
           9          26  0.96710553233192498     
          10          27  0.97095937496544360     
          11          28  0.97134012249361890     
          12          29  0.97094003084524194     
          13          30  0.96779160871084335     
