   -0.11034862
    0.00248974
   -0.10246818
   -0.00097935
   -0.11502348
    0.26888955
   -0.45299631
   -0.08193190
   -0.08255248
    0.36951943
   -0.43028017
   -0.26349883
    0.12020834
   -0.11446723
   -0.11736187
    0.03651227
    0.04503120
    0.05118059
    0.04047892
    0.07442578
    0.04521746
    0.04981345
    0.04456132
    0.04379354
    0.05878967
    0.06572981
    0.04954060
    0.06020867
    0.08128020
    0.04668785
    0.04455435
    0.05997105
    0.05516797
    0.05811456
    0.05017299
    0.04956909
