           1           2   1.0095570644139868     
           2           3  0.98138629526540067     
           3           4  0.99171186472393624     
           4           5   1.0054930964861499     
           3           6   1.2529872009065430     
           3           7  0.19132147733709137     
           6           7   1.6657357919956004     
           6           8  0.96215987165321448     
           8           9   1.0056612620464609     
           9          10  0.96414054136011751     
          10          11   1.7341006490146000     
          10          12   1.1587468397785092     
          11          12  0.17343604075546981     
          12          13  0.91634147144260469     
          13          14   1.0021501558814414     
          13          15   1.0073306758539251     
           1          16  0.98575018923269520     
           1          17  0.98466812592553432     
           1          18  0.98687770943813236     
           2          19  0.97130655540181032     
           2          20  0.96560887507452953     
           4          21  0.96957694614087431     
           4          22  0.97050878898789961     
           5          23  0.98596740274571126     
           5          24  0.98499743078554158     
           5          25  0.98225849948927935     
           8          26  0.96237499819958250     
           8          27  0.95887205528344199     
           9          28  0.95331559310437464     
           9          29  0.96562333458276917     
          13          30  0.96102511709499772     
          14          31  0.98433702080187357     
          14          32  0.98352959043061838     
          14          33  0.98491043488349506     
          15          34  0.98433038520328220     
          15          35  0.98543262085829664     
          15          36  0.98410195628414598     
