   -0.41465462
    0.36459916
   -0.10699753
    0.15138728
   -0.44653738
   -0.06980750
   -0.05419151
   -0.05802463
   -0.05645531
   -0.06328457
   -0.26864267
    0.11223175
   -0.06607500
   -0.05988405
   -0.06076347
   -0.06832941
    0.06223323
    0.05208402
    0.29196971
    0.02536966
    0.03414628
    0.04502734
    0.02832517
    0.03154693
    0.03063011
    0.03157800
    0.05061712
    0.03645007
    0.05265772
    0.04641545
    0.04208175
    0.05823768
    0.04129186
    0.03682726
    0.03739476
    0.03741279
    0.03926423
    0.05386835
