           1           2   1.7479286210352729     
           2           3  0.97103049480263781     
           3           4  0.94287951075734577     
           4           5  0.98592290176425790     
           4           6  0.97279690799493523     
           6           7   1.0070121026710737     
           7           8   1.0094704853718661     
           8           9   1.0094876391709087     
           4          10  0.98289553247697237     
           9          10   1.0071985214869446     
           1          11  0.17426036877674408     
           2          11   1.1405774005808882     
          11          12  0.92354625794932443     
          12          13  0.98366624068881303     
          13          14   1.0080364270795035     
          14          15   1.0077030156347266     
          12          16  0.98969286266048873     
          15          16   1.0058361927047699     
           3          17  0.96980297823877071     
           3          18  0.96955037277978917     
           5          19  0.89415443453971810     
           6          20  0.97540864747906819     
           6          21  0.97607310370121414     
           7          22  0.97595916050172971     
           7          23  0.97698258856531150     
           8          24  0.97713038797063267     
           8          25  0.97740880130028640     
           9          26  0.97701606668410834     
           9          27  0.97563263420835766     
          10          28  0.97546901228013660     
          10          29  0.97310146124109909     
          12          30  0.96474637907444927     
          13          31  0.97849641973122292     
          13          32  0.97487092682224241     
          14          33  0.97940381770440377     
          14          34  0.97909884851793438     
          15          35  0.98021169333033775     
          15          36  0.97960653639482109     
          16          37  0.98076224029677428     
          16          38  0.97586441793119383     
