           1           2   1.0046667400025364     
           2           3   1.8733682052697476     
           2           4  0.95322670699049150     
           4           5  0.97213804070709975     
           4           6  0.99629716614897079     
           4           7  0.99393263905448004     
           1           8  0.95475216553510722     
           1           9  0.98155526051925790     
           1          10  0.96747992422401108     
           5          11  0.98123185558913317     
           5          12  0.98441872195804947     
           5          13  0.98589189645165731     
           6          14  0.98613544306353174     
           6          15  0.98553615461821265     
           6          16  0.98335516860383054     
           7          17  0.98394539782292179     
           7          18  0.98405786083936464     
           7          19  0.98619510073522310     
