   -0.10508409
   -0.06067308
    0.07942940
   -0.25305551
    0.37064708
   -0.42903363
   -0.08060319
   -0.08023257
    0.27125710
   -0.44989985
   -0.11203194
    0.03771601
   -0.11338369
   -0.11459109
    0.05280627
   -0.11341066
   -0.11452132
    0.03816357
    0.03930405
    0.04731874
    0.05464607
    0.04191436
    0.05293681
    0.05011249
    0.07567780
    0.05874228
    0.06264914
    0.04701933
    0.04714882
    0.04530781
    0.04377775
    0.04590047
    0.04919329
    0.04542617
    0.04415621
    0.03830140
    0.03668525
    0.06844484
    0.03965156
    0.03904311
    0.06909298
    0.03405043
