           1           2   1.0200090632887351     
           2           3   1.0063628154179360     
           3           4  0.93742010569425827     
           4           5   1.1522924343386047     
           4           6  0.17196922114341312     
           5           6   1.7362468954648111     
           5           7  0.96287585753158389     
           7           8   1.0030883255320442     
           8           9  0.95915972374037028     
           9          10   1.6595572243762888     
           9          11   1.2615293027343022     
          10          11  0.18906526229959017     
          11          12  0.97844963356346915     
          12          13  0.99981890750276370     
          12          14  0.99830348091386045     
          11          15  0.95917989848515328     
          15          16   1.0023775636459304     
          15          17   1.0019131385261550     
           1          18  0.98751301232586786     
           1          19  0.98719919490623542     
           1          20  0.98686918851668615     
           2          21  0.97556866824779953     
           2          22  0.97564936020759996     
           3          23  0.96741828257973439     
           3          24  0.96781572555780970     
           7          25  0.97012092452303844     
           7          26  0.95465704069903867     
           8          27  0.96169295581919911     
           8          28  0.96138651426668509     
          12          29  0.95755447839107799     
          13          30  0.98454997573036718     
          13          31  0.98562451912974580     
          13          32  0.98146749651602816     
          14          33  0.98506616339073916     
          14          34  0.98320367257954666     
          14          35  0.98463122458652996     
          15          36  0.96049482947387121     
          16          37  0.98486000402707019     
          16          38  0.98009303550070148     
          16          39  0.98580985864229487     
          17          40  0.98481871592755343     
          17          41  0.98047409356697468     
          17          42  0.98628890734892594     
