           1           2   1.0184144911484390     
           2           3  0.98170567893127036     
           3           4   1.0205875020935324     
           4           5   1.0189203226878203     
           5           6  0.98176952302588449     
           6           7   1.0186243744490215     
           4           8   1.7321357190003410     
           8           9  0.99830394746059681     
           8          10   1.1087722095406543     
           4          11  0.11556211772695496     
          10          11   2.7772810231453509     
           1          12  0.98761069939691115     
           1          13  0.98764767644086771     
           1          14  0.98612285505087527     
           2          15  0.97807899120198616     
           2          16  0.97784366401315137     
           3          17  0.96899148301046234     
           3          18  0.96812935311293291     
           5          19  0.96820228272819653     
           5          20  0.96869331480801235     
           6          21  0.97799984110249483     
           6          22  0.97890022379167441     
           7          23  0.98766577728584226     
           7          24  0.98601278902302703     
           7          25  0.98744245368877848     
           9          26  0.97362487747929749     
           9          27  0.96999392310228205     
           9          28  0.98564693410345727     
