           1           2   1.0083871255912613     
           2           3   1.0095247281518909     
           2           4  0.99601660631829092     
           4           5   1.0013835402031768     
           5           6  0.96608317986856740     
           6           7   1.0658649353449732     
           7           8   1.3754053654448382     
           8           9   1.4369846378116189     
           9          10   1.4235608059524711     
          10          11  0.99752207774450474     
          11          12  0.99877019490135743     
           8          13  0.10227374800498473     
          10          13   1.3902217607321441     
           7          14   1.3429565079523398     
           9          14  0.10818610731481884     
          13          14   1.4769344003996543     
           1          15  0.98621360134369229     
           1          16  0.98677917093737877     
           1          17  0.98654862500800966     
           2          18  0.96873521819604425     
           3          19  0.98589662904926256     
           3          20  0.98559942674586576     
           3          21  0.98646825039352681     
           4          22  0.97543847295871799     
           4          23  0.97352648260475072     
           5          24  0.96729186514245502     
           5          25  0.96688935553023792     
           8          26  0.96642794481771055     
           9          27  0.96748257719339781     
          11          28  0.95776068426704175     
          11          29  0.96539997572410940     
          12          30  0.90343590964803100     
          13          31  0.96862762312756667     
          14          32  0.96817873041667402     
