           1           2   1.0191556720189414     
           2           3   1.0020257986733063     
           3           4  0.96679866710443996     
           4           5   1.0306161130805733     
           5           6   1.4096203171487534     
           6           7   1.4115404415654507     
           7           8   1.4537852330716614     
           8           9   1.4209738369550642     
           5          10   1.2869431796613071     
           9          10   1.4022130057199678     
          10          11   1.0794635449057206     
           1          12  0.98656387267309331     
           1          13  0.98743898913626982     
           1          14  0.98743898794576856     
           2          15  0.97705311942213335     
           2          16  0.97705311282384710     
           3          17  0.96797647046561430     
           3          18  0.96797646547020100     
           6          19  0.96631069776556755     
           7          20  0.97137335920660783     
           8          21  0.97096082351928736     
           9          22  0.96741335242518089     
          11          23  0.87483885589435895     
