           1           2   1.0196329544681570     
           2           3  0.93335572552485246     
           3           4   1.1447060789291230     
           3           5  0.17210125818503680     
           4           5   1.7441062777028202     
           4           6  0.96982453050245021     
           6           7   1.0027254013039650     
           7           8  0.97666034180362937     
           8           9   1.0126777906243227     
           8          10   1.8677394151464379     
           1          11  0.98517508941199483     
           1          12  0.98507031126733902     
           1          13  0.98332811534857689     
           2          14  0.96921559389354950     
           2          15  0.96903780125969674     
           6          16  0.95148797867246704     
           6          17  0.95529394496537501     
           7          18  0.94993899623971534     
           7          19  0.97280343404250635     
           9          20  0.96707303260426758     
           9          21  0.98206297823415345     
           9          22  0.94810843706953141     
