           1           2  0.95575810866589728     
           2           3   1.1276961811862007     
           2           4  0.16978499133429856     
           3           4   1.7507731103431496     
           3           5  0.96803868325975961     
           5           6  0.97048041175041611     
           6           7  0.95380302680381090     
           7           8   1.7714582184593091     
           7           9   1.1191304162167948     
           8           9  0.16861612405369467     
           9          10  0.95509314344255425     
           6          11  0.95738748864610412     
          11          12   1.0114045658656234     
          12          13   1.9217672605902996     
           5          14  0.92410888858884821     
          13          14   1.0118378995039112     
          11          15  0.98796968553106279     
          14          15  0.98757457537467486     
           1          16  0.97729651039687937     
           1          17  0.98171140026254189     
           1          18  0.97709249052314895     
           5          19  0.96210542994640846     
           6          20  0.95266012555916790     
          10          21  0.98260317990954271     
          10          22  0.97610843374701806     
          10          23  0.97745540219637805     
          11          24  0.97161542374654597     
          12          25  0.96945317900684880     
          13          26  0.97128743472109491     
          14          27  0.97197448582376977     
          15          28  0.97592471718223806     
          15          29  0.97761165034893538     
