   -0.09118119
   -0.02067120
   -0.09178296
    0.36578387
   -0.37093078
   -0.20962863
   -0.12363371
    0.11170262
   -0.07017350
   -0.06037283
   -0.02004768
   -0.07082983
    0.14147732
   -0.15311121
   -0.28100956
    0.08061235
   -0.07262034
    0.01035066
   -0.10836114
   -0.06325548
   -0.05332082
   -0.06072048
    0.00422612
   -0.10760396
   -0.10958840
   -0.03010652
   -0.05173768
   -0.05751697
   -0.05952646
   -0.05261729
   -0.10247140
    0.04622262
    0.04227558
    0.04561604
    0.06683894
    0.07237188
    0.06727918
    0.06504516
    0.03681382
    0.04293821
    0.04818649
    0.05095518
    0.04402789
    0.03051581
    0.03839989
    0.04909976
    0.03098491
    0.03676000
    0.05730783
    0.03461449
    0.04380507
    0.03339586
    0.04044118
    0.03793562
    0.03654456
    0.02284428
    0.03431361
    0.04295085
    0.04220184
    0.03898619
    0.04721922
    0.03950843
    0.05115178
    0.03368017
    0.04186007
    0.02993337
    0.03318039
    0.03313684
    0.02996695
    0.02942074
    0.02904060
    0.03361742
    0.03363114
    0.03364725
