           1           2   1.9717707014612049     
           2           3   1.0028566051828063     
           3           4  0.93540705123271584     
           4           5   1.7961345279381815     
           4           6   1.1040039901612484     
           5           6  0.16249456446397523     
           6           7  0.95406020962602633     
           7           8   1.8236504780676355     
           8           9   1.0076287043855547     
           9          10   1.0044269292308110     
          10          11  0.99572069448230538     
          11          12  0.98242571784827692     
          12          13  0.99760221366430346     
          13          14   1.8250821703297415     
          13          15   1.0615954082376819     
          14          15  0.12372618435821617     
          15          16  0.96065859391050479     
          16          17   1.0096629005098388     
          17          18   1.8811988405378379     
          18          19   1.0291032675572931     
          18          20   1.0084023334368368     
          20          21  0.97651654769985430     
          21          22   1.0270197006115405     
          22          23   1.8787771027924094     
          23          24   1.0243657845216902     
          23          25   1.0193090291758551     
           8          26  0.98907741092553958     
          11          26  0.98292180926501926     
          26          27  0.96925193202190807     
          27          28   1.0058259967587153     
          28          29   1.0058972561605557     
          29          30   1.0075111688394478     
          30          31   1.0190926246539362     
           1          32  0.97381026944214399     
           1          33  0.97489706014788213     
           2          34  0.96646261702981406     
           3          35  0.96776800294698229     
           3          36  0.95905906552637155     
           9          37  0.94975849285213720     
           9          38  0.96180765405551005     
          10          39  0.97846236726839553     
          10          40  0.97235107133829335     
          11          41  0.96571359995801409     
          12          42  0.96518027539111473     
          12          43  0.97476740233326409     
          14          44  0.97555506879647047     
          14          45  0.97056299317748984     
          16          46  0.95631880969419869     
          16          47  0.95943178399353179     
          17          48  0.96294282990428037     
          19          49  0.96459803834387747     
          19          50  0.97921654681139558     
          19          51  0.96958019704448006     
          20          52  0.97328149831246147     
          20          53  0.97311387452812270     
          21          54  0.97276682431714501     
          21          55  0.95922081444889973     
          22          56  0.96314589099662229     
          24          57  0.98526059835302771     
          24          58  0.97263748441497344     
          24          59  0.97242059151698212     
          25          60  0.98669086766926772     
          25          61  0.96611829328435017     
          25          62  0.97298368818402459     
          26          63  0.95025125191200144     
          27          64  0.97629216872965929     
          27          65  0.97315913343398619     
          28          66  0.97661216011400487     
          28          67  0.97474110836418149     
          29          68  0.97594972275373215     
          29          69  0.97748073682931991     
          30          70  0.97859132223798451     
          30          71  0.97854937174944479     
          31          72  0.98742427952503820     
          31          73  0.98796684473764140     
          31          74  0.98795987309342248     
