           1           2   1.0209878859998380     
           2           3  0.99600802165473468     
           3           4  0.96746239023295089     
           4           5   1.1333332832335341     
           4           6  0.14033494699763499     
           5           6   1.7596481022421164     
           5           7  0.95574104571678675     
           7           8  0.96172802175865602     
           8           9   1.0246631495383627     
           9          10   1.9247513609187288     
          10          11   1.0248402367806531     
           7          12  0.99212555965504989     
          11          12  0.96229321038995408     
           4          13   1.1321121466923181     
          12          13  0.95646437024122244     
           4          14  0.14109776840368923     
          13          14   1.7587507068321742     
           1          15  0.98671935962698865     
           1          16  0.98736956882091598     
           1          17  0.98643328102843664     
           2          18  0.97453559642911280     
           2          19  0.97584238850426885     
           3          20  0.96726622972672882     
           3          21  0.96753402451020132     
           7          22  0.95288456773810948     
           8          23  0.97702473219531716     
           8          24  0.95759639631929805     
           9          25  0.96788257246556519     
          10          26  0.96788891133072430     
          11          27  0.95704106649685872     
          11          28  0.97705490346646218     
          12          29  0.95204693320841893     
