           1           2   1.7897546147907923     
           2           3  0.96081175418767861     
           3           4  0.98791384616989630     
           4           5   1.0106301721310822     
           4           6  0.96845997572264375     
           1           7  0.16601496353635542     
           2           7   1.1149171669547684     
           6           7  0.95971476721926141     
           3           8  0.95103115506937796     
           3           9  0.96060707630673936     
           4          10  0.96390136688834316     
           5          11  0.89317292731098119     
           6          12  0.96820004618324762     
           6          13  0.96773068878595048     
