           1           2   1.0064708780605591     
           2           3  0.97960703604074084     
           2           4  0.95993706080901342     
           4           5  0.94848864852729720     
           5           6   1.1413515505246401     
           5           7  0.18131355315805273     
           6           7   1.7712798451510996     
           6           8  0.96110515816773145     
           8           9  0.95006638028079060     
           2          10  0.87254730632951949     
          10          11   1.5000250112665212     
          10          12   1.4746740207640063     
          11          12  0.37621544307786392     
           1          13  0.97713321764457217     
           1          14  0.98040642916664700     
           1          15  0.97792425469228073     
           3          16  0.97527061062333265     
           3          17  0.98056330272116488     
           3          18  0.98290198916617144     
           4          19  0.96042687885410238     
           4          20  0.96373996948621488     
           8          21  0.97381850655364643     
           8          22  0.96858773609107174     
