           1           2   1.0192285353751649     
           2           3  0.94005398984731692     
           3           4   1.0579245737886949     
           3           5  0.12860731384774179     
           4           5   1.6200630744432272     
           4           6   1.1979780690655120     
           5           6  0.16386703596043659     
           6           7  0.98955211766851825     
           7           8  0.98664670673287336     
           8           9  0.99164840228151718     
           9          10  0.98814548051907403     
           6          11  0.98720272882710514     
          10          11  0.98894289360535326     
           1          12  0.98556753387033336     
           1          13  0.98564720300255448     
           1          14  0.98389967089064534     
           2          15  0.97057641643283454     
           2          16  0.97071193267900613     
           7          17  0.96689868169721904     
           7          18  0.96787723582980023     
           8          19  0.96638940617595981     
           8          20  0.96933148615357312     
          10          21  0.96926093003451952     
          10          22  0.96661107960905590     
          11          23  0.96756614687804987     
          11          24  0.96576867213916873     
