           1           2   1.0276806740299353     
           2           3   1.8708510104493858     
           3           4   1.0216481937021560     
           4           5   1.0018915997855673     
           5           6  0.99067217027082011     
           2           7   1.0057440636885431     
           6           7  0.97596590277765749     
           5           8  0.96484775337294171     
           7           8  0.94827614141040439     
           8           9   1.0028371262942835     
           8          10   1.0054565010635781     
           1          11  0.98501043758647322     
           1          12  0.97222675433458261     
           1          13  0.97164667781029290     
           3          14  0.96779539177080098     
           4          15  0.96175064386269626     
           4          16  0.96087093398946544     
           5          17  0.97128699785127925     
           6          18  0.97912174321143064     
           6          19  0.97596082439886034     
           7          20  0.97183393370355531     
           9          21  0.98399617447425047     
           9          22  0.98262646044248236     
           9          23  0.98436209930881879     
          10          24  0.98340673356111541     
          10          25  0.97981443958274339     
          10          26  0.98385077747065020     
