           1           2   2.8470024294997085     
           2           3   1.0402821645683280     
           3           4  0.97649869600651906     
           4           5   1.4144016922338667     
           5           6   1.4436706457629862     
           4           7  0.10883920465057974     
           6           7   1.4391430554199218     
           5           8  0.11165077447752915     
           7           8   1.4391439803218333     
           4           9   1.4144001081482229     
           6           9  0.11165091674036329     
           8           9   1.4436702061948206     
           3          10  0.94153078616856667     
           3          11  0.94154009230921165     
           5          12  0.96945485064234449     
           6          13  0.97084406252979183     
           7          14  0.97116461780452246     
           8          15  0.97084384074588015     
           9          16  0.96945457563246751     
