   -0.10598385
   -0.05698254
   -0.06781753
    0.07835726
   -0.23763269
    0.34761473
   -0.39924459
    0.13071324
   -0.09839692
    0.23983417
   -0.36135029
   -0.10035221
    0.14452146
   -0.11909277
   -0.12050347
   -0.23429639
    0.03951037
    0.03937812
    0.04109520
    0.03638192
    0.03646543
    0.05426252
    0.05382690
    0.05410400
    0.05430273
    0.08668207
    0.06522939
    0.06907390
    0.05459484
    0.05596389
    0.04714681
    0.05570883
    0.06251002
    0.05437548
