           1           2   1.0196035600326860     
           2           3   1.0058745182314432     
           3           4   1.0052905405153831     
           4           5  0.93186247102356656     
           5           6   1.1611660126792966     
           5           7  0.18598153065056650     
           6           7   1.7247045822128948     
           6           8  0.96193704012320203     
           8           9   1.6333448427767090     
           9          10   1.0909091318548838     
          10          11   1.7997295309257177     
          10          12  0.96898401220959751     
          12          13  0.98326789222850353     
          13          14  0.98954583698779452     
          13          15  0.99461492714013844     
           8          16   1.1484102522153077     
           9          16  0.13055045185357006     
          13          16  0.90963029681775309     
           1          17  0.98757147142540092     
           1          18  0.98757438359740113     
           1          19  0.98679029897688597     
           2          20  0.97801221297114904     
           2          21  0.97801453865401888     
           3          22  0.97494486742337894     
           3          23  0.97496857889252242     
           4          24  0.96642214398008197     
           4          25  0.96652637812160358     
           9          26  0.95769955603483048     
          12          27  0.94860014408381832     
          12          28  0.96785676380137364     
          14          29  0.98201035310018792     
          14          30  0.98405377717095011     
          14          31  0.98331124881276066     
          15          32  0.98368495368043640     
          15          33  0.98233844409053384     
          15          34  0.98350415363613775     
