   -0.10560109
   -0.05525896
   -0.06592030
    0.07832192
   -0.25935837
    0.35946698
   -0.43135548
   -0.10948674
    0.15017256
   -0.44917929
   -0.06368240
   -0.05668515
   -0.05752961
   -0.05462695
   -0.06785975
    0.03636979
    0.03884086
    0.03727900
    0.04467667
    0.03470340
    0.04581466
    0.05237277
    0.04840693
    0.05592423
    0.07750289
    0.05812300
    0.31030189
    0.04307173
    0.03008521
    0.05460525
    0.02937696
    0.02975292
    0.03033174
    0.02729358
    0.04838486
    0.02669969
    0.02866459
