           1           2   1.0197009915193205     
           2           3   1.0076005237470402     
           3           4   1.0057420762447364     
           4           5  0.93249444761727340     
           5           6   1.1547238980748058     
           5           7  0.17186825667317171     
           6           7   1.7133134292632548     
           6           8  0.98034619579609550     
           8           9  0.94959702432841053     
           9          10   1.0006682970512704     
           9          11  0.97932036930602062     
          11          12   1.0072514652414832     
          12          13   1.0095477864076101     
          13          14   1.0095519446185925     
           9          15  0.97324246473520126     
          14          15   1.0081737372602446     
           1          16  0.98763869498372348     
           1          17  0.98706028488583020     
           1          18  0.98770799616205562     
           2          19  0.97740703428689413     
           2          20  0.97805232286644683     
           3          21  0.97348801984326516     
           3          22  0.97477613806840369     
           4          23  0.96702045561062455     
           4          24  0.96763161712318801     
           8          25  0.94663432745696274     
           8          26  0.97351426548060060     
          10          27  0.86624388039233413     
          11          28  0.97550479103753407     
          11          29  0.97668081164701404     
          12          30  0.97524272952703250     
          12          31  0.97703552814400707     
          13          32  0.97714451464165175     
          13          33  0.97749953103131304     
          14          34  0.97729478590774332     
          14          35  0.97557954243855083     
          15          36  0.97432996937065219     
          15          37  0.97645326619871553     
