           1           2   1.0172697174861050     
           2           3  0.96937673512405520     
           3           4   1.7708998547032138     
           3           5   1.1018737670829641     
           4           5  0.16500982551105331     
           5           6  0.96401342008780455     
           6           7   1.4093149855951475     
           7           8   1.4322274466750320     
           6           9  0.10173206289674916     
           8           9   1.4433174009393359     
           7          10  0.10687911512984166     
           9          10   1.4349615130655462     
           6          11   1.3547327289635152     
           8          11  0.10743899880290925     
          10          11   1.4223578175750773     
          11          12   1.0282037997255091     
           1          13  0.98763343065979403     
           1          14  0.98496484050361355     
           1          15  0.98677442197787346     
           2          16  0.96635751958726235     
           2          17  0.94862053316499217     
           7          18  0.96692066684784084     
           8          19  0.97041758689325530     
           9          20  0.97056493451682735     
          10          21  0.96806223155061510     
          12          22  0.97020763767099771     
          12          23  0.98551614781970753     
          12          24  0.97071056052447857     
