           1           2  0.97150704133164523     
           2           3   1.0082750336184656     
           3           4  0.97577519232664722     
           4           5   1.0368946072327330     
           5           6   1.3545034454236364     
           6           7   1.4679377721811937     
           7           8   1.4199068626999209     
           6           9  0.11156099330496229     
           8           9   1.4501534548217903     
           5          10   1.3856774530869638     
           7          10  0.10513874716261495     
           9          10   1.4324077667586836     
           2          11  0.97693872536303594     
           2          12  0.97693874452226825     
           3          13  0.96703570615529411     
           3          14  0.96703570669594696     
           6          15  0.96833141149180224     
           7          16  0.97046224793604685     
           8          17  0.97115898331264650     
           9          18  0.97107274129463705     
          10          19  0.96665333937240783     
