           1           2  0.98652192199825905     
           2           3   1.7702518704056383     
           2           4   1.1003515763963463     
           3           4  0.16288996960666327     
           4           5  0.97203513497609362     
           5           6   1.3982628583691343     
           6           7   1.4382038064128826     
           5           8  0.10245067220792119     
           7           8   1.4433555872313097     
           6           9  0.11006845099817487     
           8           9   1.4328853439896583     
           5          10   1.3851764477957513     
           7          10  0.11147256700008623     
           9          10   1.4505874065282480     
           1          11  0.97074874003809131     
           1          12  0.95809613709686436     
           1          13  0.98153986519362513     
           6          14  0.96623354057764421     
           7          15  0.97025115217226443     
           8          16  0.97069737563946590     
           9          17  0.97025646454740277     
          10          18  0.96801908026770522     
