           1           2   1.0265449889230209     
           2           3   1.3990899520652145     
           3           4   1.4352554818529186     
           2           5  0.10163721033782093     
           4           5   1.4568128863618148     
           5           6   1.3674667327173640     
           6           7   1.0608821277623592     
           7           8   1.8696596664086422     
           2           9   1.4286908227763162     
           4           9  0.10204319722903571     
           6           9   1.3766957931546941     
           1          10  0.98118221387008142     
           1          11  0.98133720398904578     
           1          12  0.96573082166031654     
           3          13  0.96920481276488557     
           4          14  0.96963756065744899     
           5          15  0.96618053667319581     
           7          16  0.93025698658605860     
           9          17  0.96571036233407936     
