           1           2   1.0187597701797566     
           2           3   1.0081390848638456     
           3           4  0.96822108093604886     
           4           5  0.97772122507773895     
           4           6  0.95633505215377113     
           6           7  0.98167386447607807     
           7           8  0.99901720772385660     
           8           9  0.99917042936365930     
           4          10  0.96104758099487375     
           9          10  0.98130582731693550     
           1          11  0.98783057526996698     
           1          12  0.98768691176236312     
           1          13  0.98728909646974494     
           2          14  0.97711513094909619     
           2          15  0.97641661983173700     
           3          16  0.97483891541946299     
           3          17  0.97295443293658634     
           5          18  0.98520785035525105     
           5          19  0.98341693269331842     
           5          20  0.97936682548378884     
           7          21  0.97024719413310434     
           7          22  0.96481056039223978     
           8          23  0.97676478821759127     
           8          24  0.97669304132301349     
           9          25  0.97071004712286757     
           9          26  0.96681944125373431     
