           1           2   1.0194085760818425     
           2           3  0.93652192355002561     
           3           4   1.1345991647252143     
           3           5  0.17340064054912419     
           4           5   1.7565930353223707     
           4           6  0.95227650070290426     
           6           7   1.0043918473758988     
           6           8  0.98509506450703577     
           1           9  0.98521224461870560     
           1          10  0.98365856187710943     
           1          11  0.98559136769365052     
           2          12  0.96902708396416137     
           2          13  0.96905002520688122     
           6          14  0.96508181686934491     
           7          15  0.98697746269705966     
           7          16  0.98510233562904226     
           7          17  0.98408934267383408     
           8          18  0.98700103937734895     
           8          19  0.98269240975355110     
           8          20  0.98638123038198211     
