           1           2   1.0196512469474219     
           2           3  0.93645081656662987     
           3           4   1.1421449295970334     
           3           5  0.15681156428240403     
           4           5   1.6356591025240834     
           4           6   1.0493875566954081     
           6           7   1.3594990052893627     
           7           8   1.4836615377797175     
           8           9   1.3885692107031073     
           7          10  0.10769791963294158     
           9          10   1.4846433432846780     
           6          11   1.2979086424958526     
          10          11   1.3352716575241479     
          11          12   1.1533025091383915     
           1          13  0.98522663910785135     
           1          14  0.98350901392498247     
           1          15  0.98522665768446227     
           2          16  0.96807232827324974     
           2          17  0.96807232349355488     
           7          18  0.96627302409386440     
           8          19  0.97030555697261422     
           9          20  0.97015840695092581     
          10          21  0.96671003211683249     
          12          22  0.80882082648471343     
