           1           2   1.4512000238745282     
           2           3   1.4248423563338122     
           1           4  0.10828611898052813     
           3           4   1.4369714356427934     
           2           5  0.10828612152991167     
           4           5   1.3667268254504525     
           1           6   1.4248423614717793     
           3           6  0.10676905267927315     
           5           6   1.4369714297445366     
           5           7   1.0115982928235767     
           7           8   1.0030162754333340     
           4           9   1.0115982894187376     
           8           9   1.0030162783904588     
           1          10  0.97169610354272107     
           2          11  0.97169610448965527     
           3          12  0.97003546996996726     
           6          13  0.97003547019510028     
           7          14  0.97271934392941906     
           7          15  0.96244298364625847     
           8          16  0.98279637177211299     
           8          17  0.98231263436306726     
           9          18  0.96244298395811922     
           9          19  0.97271934379783875     
