           1           2   1.7868120640640868     
           2           3  0.95793876564630720     
           3           4   1.0121996797411859     
           4           5  0.99592722531332989     
           1           6  0.16541771809179120     
           2           6   1.1213284621387045     
           5           6  0.95741271441813025     
           3           7  0.95317849896344264     
           3           8  0.96650025985379451     
           4           9  0.97962593256116159     
           4          10  0.97878163674610263     
           5          11  0.97237961145648522     
           5          12  0.96955316158768423     
