           1           2   1.0085672259638070     
           2           3  0.99701657454530412     
           3           4   1.0087462913118492     
           4           5   1.0090604076903589     
           5           6   1.0080737880065425     
           2           7  0.98149089064059314     
           6           7  0.98860381410228493     
           7           8  0.98316211018557209     
           1           9  0.98416401306526702     
           1          10  0.98685973972534058     
           1          11  0.98671678706733323     
           2          12  0.96632491357089156     
           3          13  0.97623420417273177     
           3          14  0.97641979319082806     
           4          15  0.97715951894572606     
           4          16  0.97741892196971436     
           5          17  0.97731592782247789     
           5          18  0.97746620879244273     
           6          19  0.97561603435173316     
           6          20  0.97604394182634857     
           7          21  0.96024664523199255     
           8          22  0.90290679224112202     
