   -0.10710548
    0.00685981
   -0.10372595
   -0.05788580
   -0.05203579
   -0.06173780
    0.01520914
   -0.11172661
   -0.06735351
    0.07594467
   -0.26021728
    0.35394988
   -0.42739714
   -0.00676891
   -0.06088424
    0.07144197
    0.00859834
   -0.02974609
   -0.02719489
   -0.02770934
   -0.02878333
   -0.03474208
   -0.22282940
    0.10629964
    0.07356826
   -0.02448012
   -0.01630700
    0.00288789
    0.54604585
   -0.38680063
   -0.38618890
   -0.01841749
   -0.02916595
    0.04144037
    0.04111826
    0.04110254
    0.03249175
    0.04111743
    0.03998229
    0.02481683
    0.03576048
    0.03567163
    0.04025641
    0.04141361
    0.04952863
    0.04666588
    0.04621177
    0.04247669
    0.06707282
    0.05616119
    0.05341549
    0.05135889
    0.03552695
    0.03424839
    0.03336599
    0.03715309
    0.06447769
    0.08858412
    0.08789897
    0.07908017
