           1           2   1.0246457987095849     
           2           3   1.0211452671187820     
           2           4   1.8855763181902692     
           4           5   1.0226187183058617     
           5           6  0.96689888379037381     
           6           7   1.0146497128018990     
           7           8   1.0233408724121453     
           7           9   1.8754447875890730     
           9          10   1.0131927099408402     
          10          11  0.92331893768852003     
          11          12   1.1435691415827072     
          11          13  0.17690975461114208     
          12          13   1.6957371048072543     
          12          14   1.0102312128980180     
          14          15   1.4742446667278784     
          15          16   1.3008217382734084     
          16          17   1.0745931382377796     
          17          18   1.3734984568067907     
          18          19   1.4609446058919640     
          17          20  0.10181162308348063     
          19          20   1.4286102954327369     
          18          21  0.10693136756352538     
          20          21   1.4340192349183207     
          17          22   1.3809611157477963     
          19          22  0.10569292583005355     
          21          22   1.4541099798535047     
          14          23  0.13389735360130200     
          16          23   1.4430767316242330     
          14          24   1.1896889749836297     
          23          24   1.2054099586675919     
          24          25   1.0548377127876101     
          25          26   1.3663131416241368     
          26          27   1.4679859710545402     
          27          28   1.3730180955046005     
          28          29  0.97069010106954656     
          29          30   1.4474887405551859     
          29          31   1.4483404997737259     
          30          31  0.35892974484508633     
          28          32   1.3707445005334000     
          25          33   1.3620827960071282     
          32          33   1.4720958157439119     
           1          34  0.96953719597939292     
           1          35  0.97979534745603569     
           1          36  0.97630705211078461     
           3          37  0.98433882985002696     
           3          38  0.97299823605920133     
           3          39  0.97351309080994164     
           4          40  0.96612092704637742     
           5          41  0.96646381849355079     
           5          42  0.97570440750352239     
           6          43  0.96833151107970405     
           6          44  0.97469150172611418     
           8          45  0.98426635303388554     
           8          46  0.97064506875864398     
           8          47  0.97132861343836185     
           9          48  0.96277691544212063     
          10          49  0.95064659051607614     
          10          50  0.96108487349404659     
          15          51  0.96795985129800921     
          18          52  0.96746894920305615     
          19          53  0.97053800195674067     
          20          54  0.97140240857512516     
          21          55  0.97091397413477443     
          22          56  0.96676251913449263     
          26          57  0.96488826717766973     
          27          58  0.95913200162964030     
          32          59  0.95914372838731843     
          33          60  0.96269187174940174     
