   -0.10818190
   -0.05765728
   -0.06705018
    0.08299053
   -0.27328055
    0.34667626
   -0.41524837
   -0.01818060
   -0.24922080
    0.01104530
    0.00955310
   -0.03395162
   -0.02987037
   -0.03193621
   -0.03023547
   -0.03569613
    0.04033658
    0.03954319
    0.03710788
    0.03626403
    0.04094036
    0.05091322
    0.05058519
    0.05248027
    0.04957696
    0.06815733
    0.06392168
    0.15329140
    0.03506223
    0.01736827
    0.03635247
    0.03082085
    0.02979969
    0.03106497
    0.03665774
