           1           2   1.0201663154325618     
           2           3   1.0059749184255886     
           3           4   1.0059933040577158     
           4           5  0.93044005875598579     
           5           6   1.1424665473963023     
           5           7  0.17301483906792731     
           6           7   1.7480277915276881     
           6           8  0.94700143317980912     
           8           9   1.0306068960020738     
           9          10  0.99443119659954615     
          10          11   1.0042545409533112     
          11          12   1.4138495257921742     
          12          13   1.4464009413541015     
          11          14  0.11043018247016709     
          13          14   1.4376889303528957     
          12          15  0.11174732456656188     
          14          15   1.4400007952474254     
          11          16   1.4171154394420897     
          13          16  0.11120623865608857     
          15          16   1.4433517612929165     
           1          17  0.98684740816130423     
           1          18  0.98726758602930198     
           1          19  0.98686846055022537     
           2          20  0.97774783755283834     
           2          21  0.97768011676022171     
           3          22  0.97563763619796584     
           3          23  0.97484151128620500     
           4          24  0.96790409031946401     
           4          25  0.96835384307525663     
           8          26  0.94468620256190083     
           8          27  0.95914105498365676     
           9          28  0.94828226840983776     
          10          29  0.96973797866247580     
          10          30  0.96557974595913532     
          12          31  0.96925693643830457     
          13          32  0.97114203564373636     
          14          33  0.97154555692979749     
          15          34  0.97116997941067318     
          16          35  0.96874722417502168     
