           1           2   2.8503206640377137     
           2           3   1.0540283609313448     
           3           4  0.97831824728338446     
           4           5   1.0103496962433576     
           5           6  0.97831705189603424     
           6           7   1.0540209293203107     
           7           8   2.8503274171854018     
           3           9  0.94466190471978084     
           3          10  0.94541320631019043     
           4          11  0.97747941369808045     
           4          12  0.97392812463348843     
           5          13  0.97747912959698713     
           5          14  0.97392718167358017     
           6          15  0.94465637669289371     
           6          16  0.94542637538210095     
