           1           2   1.0150795902388090     
           2           3  0.96116752768836589     
           3           4   1.1016838110934899     
           4           5   1.3603859787234800     
           5           6   1.4505250812251032     
           6           7   1.4216397218436851     
           5           8  0.10268153024297090     
           7           8   1.4506897172993463     
           4           9   1.2982567094778821     
           8           9   1.3961888406889948     
           9          10   1.0146484256988177     
          10          11   1.7058424071858527     
          10          12   1.1261725938028126     
          11          12  0.16774918366195321     
          12          13  0.96261375431516205     
           1          14  0.98542018799594233     
           1          15  0.98489878895192773     
           1          16  0.98550518433272605     
           2          17  0.96762703936269523     
           2          18  0.96779349619005361     
           5          19  0.96539558051597896     
           6          20  0.97059315035241644     
           7          21  0.96990384439675825     
           8          22  0.96353650138283442     
          13          23  0.97629901509722272     
          13          24  0.98214478865659272     
          13          25  0.97644662545268623     
