           1           2  0.98967392841926294     
           2           3   1.7108041154955718     
           2           4   1.1580299313096507     
           3           4  0.17167376499981940     
           4           5  0.91780965859120023     
           5           6   1.0095776428164256     
           5           7  0.91387762067536316     
           7           8   1.2854981657108724     
           7           9   1.7158715011902381     
           8           9  0.21451729717699547     
           1          10  0.98239597444095639     
           1          11  0.96232775843765217     
           1          12  0.96168691486124835     
           5          13  0.95555982700443232     
           6          14  0.98368459273610498     
           6          15  0.98122451660821863     
           6          16  0.98061681806298628     
           8          17  0.91334473524705762     
           8          18  0.93913708347568503     
