           1           2   1.0199778415430421     
           2           3  0.99028186942525143     
           3           4  0.99908840071580507     
           3           5  0.94672780280489977     
           5           6   1.0889066002637688     
           6           7   1.3348210141235151     
           7           8   1.4746061155540786     
           8           9   1.3888489070317849     
           9          10  0.97423259702225640     
           7          11  0.10585036472725116     
           9          11   1.4176342147358010     
           6          12   1.3643421179139046     
          11          12   1.4378755297908801     
           1          13  0.98671806703702702     
           1          14  0.98649269226169589     
           1          15  0.98766843372587565     
           2          16  0.97600806034938525     
           2          17  0.97547972532708793     
           3          18  0.95800031072011183     
           4          19  0.98310948413511290     
           4          20  0.98558587432705702     
           4          21  0.98515759674687808     
           7          22  0.96614749515281817     
           8          23  0.96772625720809924     
          11          24  0.96853372707641372     
          12          25  0.96254621053473144     
