           1           2   1.0191757037561677     
           2           3   1.0077952599890583     
           3           4   1.0070350831897918     
           4           5   1.0074982465807054     
           5           6   1.0064208966436337     
           6           7   1.0145736794605476     
           7           8   1.9264081383400258     
           1           9  0.98792407452898101     
           1          10  0.98745399731230032     
           1          11  0.98792409387445657     
           2          12  0.97862073317646181     
           2          13  0.97862072149298407     
           3          14  0.97729374913558009     
           3          15  0.97729370765262924     
           4          16  0.97730802062584421     
           4          17  0.97730798608274094     
           5          18  0.97576853129384111     
           5          19  0.97576857666307926     
           6          20  0.94369518453083678     
           6          21  0.94369480620849411     
           7          22  0.93021945365940573     
