           1           2   1.0084987720529945     
           2           3  0.99769779265366731     
           3           4   1.0049894654450198     
           4           5  0.99143074784585372     
           5           6  0.90530339223092460     
           6           7   1.1701534972921006     
           6           8  0.18319321630799557     
           7           8   1.7545281705902389     
           7           9  0.92103374867325882     
           9          10   1.0442478370363004     
          10          11   2.8485464527997109     
           5          12  0.98963915837631877     
           2          13  0.99771863493786050     
          12          13   1.0050854299067622     
           1          14  0.98652280836060291     
           1          15  0.98617050321454769     
           1          16  0.98622805123703328     
           2          17  0.96775579871451511     
           3          18  0.97585149202819244     
           3          19  0.97548678736650640     
           4          20  0.97435304802755351     
           4          21  0.97544635048983352     
           5          22  0.95954838102730711     
           9          23  0.93342353691168789     
           9          24  0.94213862854053709     
          12          25  0.97591738639979231     
          12          26  0.97505621848904389     
          13          27  0.97584955734022027     
          13          28  0.97561471231164132     
