   -0.09312233
   -0.02828295
   -0.05243881
   -0.08846269
    0.36312469
   -0.38355621
   -0.21063620
   -0.12389376
    0.11524437
   -0.06876752
   -0.06698542
   -0.01964566
   -0.07155293
    0.14184554
   -0.15455754
   -0.27886784
    0.08363110
   -0.07145718
    0.01586025
   -0.10622238
   -0.06174171
   -0.05494287
   -0.06188974
    0.00818250
   -0.11461812
   -0.10838695
   -0.02748923
   -0.05369124
   -0.05750365
   -0.05898971
   -0.05258009
   -0.10278689
    0.03915578
    0.04004765
    0.03666292
    0.04918942
    0.04938251
    0.06638177
    0.06323162
    0.06095794
    0.06696302
    0.03505542
    0.06685217
    0.03504194
    0.05450978
    0.04547746
    0.02968416
    0.02930386
    0.03148265
    0.02789955
    0.03772732
    0.03210170
    0.06419844
    0.04055038
    0.03386998
    0.04458356
    0.05305237
    0.02768416
    0.01762460
    0.06587223
    0.03860381
    0.04133218
    0.03181366
    0.04014215
    0.03941493
    0.05209784
    0.02944486
    0.04446980
    0.03091712
    0.03148565
    0.03033526
    0.03112485
    0.02849942
    0.02902284
    0.03418086
    0.03388562
    0.03386597
