           1           2   1.9802994874436579     
           2           3   1.0238050455387331     
           3           4  0.97135880876894398     
           4           5  0.96067337109060846     
           5           6   1.7779324886385390     
           5           7   1.1097543107182348     
           6           7  0.16262199739667188     
           7           8  0.95121257229038614     
           8           9   1.8207747628503701     
           9          10   1.0086505902030973     
          10          11  0.99858879098351605     
          11          12  0.99390515363343612     
          12          13  0.98527044340601444     
          13          14  0.99647172740264245     
          14          15   1.8173342185128503     
          14          16   1.0693915352721628     
          15          16  0.12812999429718194     
          16          17  0.94777621539954893     
          17          18   1.0100480138151933     
          18          19   1.8782358930695615     
          19          20   1.0253730596497768     
          19          21   1.0124244088992362     
          21          22  0.96455696755206854     
          22          23   1.0232350525182601     
          23          24   1.8799067432979255     
          24          25   1.0267934211769385     
          24          26   1.0202424831437067     
           9          27  0.98874252428718279     
          12          27  0.98291970281685015     
          27          28  0.97549024190986688     
          28          29   1.0055485611211399     
          29          30   1.0058988468643855     
          30          31   1.0075001425936314     
          31          32   1.0191150226864605     
           1          33  0.97670287726123495     
           1          34  0.97495916676688488     
           2          35  0.96609527989073241     
           3          36  0.96268331133717533     
           3          37  0.97421522662721416     
           4          38  0.97358497379101727     
           4          39  0.96316560140100815     
          10          40  0.94731401012961802     
          10          41  0.96461906402010544     
          11          42  0.97894632977441898     
          11          43  0.96907579891473761     
          12          44  0.96803925118653433     
          13          45  0.96284437977061976     
          13          46  0.97284258960838221     
          15          47  0.97669224875544336     
          15          48  0.97215480378222374     
          17          49  0.96150895211105025     
          17          50  0.96175511527699231     
          18          51  0.96431192612804528     
          20          52  0.97642124256944440     
          20          53  0.97326902650638991     
          20          54  0.96675399536409845     
          21          55  0.97488658936198447     
          21          56  0.97207594551672638     
          22          57  0.96503189622289298     
          22          58  0.96974634615528643     
          23          59  0.96515350466167305     
          25          60  0.97375999013325043     
          25          61  0.97484278412520986     
          25          62  0.96867858804906037     
          26          63  0.98558564228654233     
          26          64  0.97458240261348594     
          26          65  0.97367857834401073     
          27          66  0.94130936620784333     
          28          67  0.97682430468373016     
          28          68  0.97275056009557215     
          29          69  0.97457246397211728     
          29          70  0.97656642818537631     
          30          71  0.97742841923948243     
          30          72  0.97728252304841423     
          31          73  0.97859868742874812     
          31          74  0.97863900571552520     
          32          75  0.98793642221558098     
          32          76  0.98740053749288470     
          32          77  0.98794786407611879     
