           1           2   1.0151184984330115     
           2           3  0.95921986962354311     
           3           4   1.1200140180966209     
           4           5   1.3534275014736330     
           5           6   1.4554214668132375     
           6           7   1.4166674962225245     
           5           8  0.10271704719205821     
           7           8   1.4537132298059006     
           4           9   1.2872396140644724     
           8           9   1.3933081285884534     
           9          10   1.0296621417694092     
          10          11   1.7396749573172803     
          10          12   1.0966047678064319     
          11          12  0.16459946311128049     
           1          13  0.98491638995675501     
           1          14  0.98466563874500013     
           1          15  0.98502957865456275     
           2          16  0.96761407119678444     
           2          17  0.96760398516794088     
           5          18  0.96543711539844790     
           6          19  0.97053498814146333     
           7          20  0.97023805745571357     
           8          21  0.96448795156293254     
          12          22  0.87059855883506854     
