           1           2  0.99408496681013458     
           2           3  0.98502517961156233     
           3           4   1.0074742423767482     
           4           5   1.0102728975954411     
           5           6   1.4040296308114457     
           6           7   1.4555234677267954     
           5           8  0.10626137345662014     
           7           8   1.4238852466170202     
           6           9  0.11074946794921083     
           8           9   1.4555883431379473     
           5          10   1.3973122458125244     
           7          10  0.10620133451218731     
           9          10   1.4036832906174028     
           2          11  0.98611303112064330     
          10          11   1.0102230440858591     
           1          12  0.89523808408960881     
           2          13  0.96431781753246459     
           3          14  0.97739029503501051     
           3          15  0.97707104885218421     
           4          16  0.96764378460756806     
           4          17  0.95817734402397026     
           6          18  0.96973587005802131     
           7          19  0.97123618446098414     
           8          20  0.97121727521821144     
           9          21  0.96961051079497229     
          11          22  0.96693592486671931     
          11          23  0.95895651108356117     
