           1           2   1.0327045017582299     
           2           3   1.0427540283355807     
           2           4   1.7703409313134486     
           4           5   1.0717610821556631     
           5           6   1.7062628122269272     
           5           7   1.0717606918022067     
           7           8   1.7703414266124466     
           8           9   1.0327043671079355     
           8          10   1.0427537391281632     
           1          11  0.96464948299593467     
           1          12  0.98437944499478425     
           1          13  0.96841653460345734     
           3          14  0.95273196388107528     
           3          15  0.97996205578182827     
           3          16  0.96463551558085081     
           4          17  0.96367835716958039     
           7          18  0.96367845534905794     
           9          19  0.98437934885413902     
           9          20  0.96464935438468546     
           9          21  0.96841679378479140     
          10          22  0.96463591712360908     
          10          23  0.97996178588515170     
          10          24  0.95273190023523968     
