   -0.09961242
   -0.01530247
   -0.05623945
   -0.06308956
   -0.03161831
    0.14230338
   -0.11335674
   -0.11819265
   -0.45340322
   -0.06268976
   -0.01484594
   -0.01520185
   -0.06058094
   -0.06363209
   -0.01915107
   -0.10101335
    0.03127284
    0.03277564
    0.03784532
    0.02640265
    0.02802517
    0.02507462
    0.04584052
    0.03784328
    0.02289380
    0.04978274
    0.03789337
    0.05261886
    0.03678403
    0.03053410
    0.04687868
    0.28265938
    0.03814922
    0.03673898
    0.02980975
    0.03039339
    0.02634925
    0.03427201
    0.02630801
    0.03121589
    0.03236014
    0.03490483
