           1           2  0.99280470246197394     
           2           3  0.98703115648734185     
           3           4   1.0079873262620904     
           4           5  0.99851140539779770     
           5           6  0.95837914952196612     
           6           7  0.99725716351245719     
           6           8  0.98976116233793177     
           6           9  0.97215032185044414     
           5          10  0.98595606837915950     
          10          11   1.0128477985600011     
           2          12   1.0010141763554274     
          11          12   1.8457346003907662     
          12          13   1.0062614766757132     
          13          14   1.0033628526322478     
          11          15  0.99171657152133597     
          14          15  0.99172654336044563     
          15          16   1.0036450016829241     
           1          17  0.98746526807855461     
           1          18  0.98523369513781189     
           1          19  0.98338956916911691     
           2          20  0.96733528355124343     
           3          21  0.97583207775528769     
           3          22  0.97653771504366693     
           4          23  0.96988841826059591     
           4          24  0.97128433617093424     
           5          25  0.96369582410573229     
           7          26  0.98424852095991955     
           7          27  0.98448781753613823     
           7          28  0.98270258426148160     
           8          29  0.98212932186258861     
           8          30  0.98533472241747222     
           8          31  0.98429864902555841     
           9          32  0.90136907591009174     
          10          33  0.95841779786709647     
          10          34  0.96666368004094849     
          13          35  0.97157728117469433     
          13          36  0.96494072345321102     
          14          37  0.98315979517760477     
          14          38  0.98059889906001252     
          15          39  0.95863501666423978     
          16          40  0.98304886770107058     
          16          41  0.98576654704189715     
          16          42  0.98739942377264400     
