           1           2   1.0194602116607006     
           2           3  0.93657763032137320     
           3           4   1.1306536922963888     
           3           5  0.16993519538402399     
           4           5   1.7015528865101617     
           4           6  0.99820501166924624     
           6           7   1.0998644568778158     
           7           8   2.7911858060998265     
           6           9   1.6499728785228096     
           9          10   1.0474423462393292     
           9          11   1.0534943898652149     
           1          12  0.98507256274478971     
           1          13  0.98360660651201171     
           1          14  0.98477381901101302     
           2          15  0.96837354999716629     
           2          16  0.96823935200879163     
          10          17  0.95687815473026905     
          10          18  0.97847734051907320     
          10          19  0.95706927141478282     
          11          20  0.95038361299384444     
          11          21  0.98376584611010576     
          11          22  0.95006074839999144     
