           1           2  0.96647385073102099     
           2           3  0.97269770808602696     
           2           4  0.96918757081330886     
           2           5  0.99435657545338130     
           5           6   2.8725653873931751     
           1           7  0.98492179531503188     
           1           8  0.98102719923244242     
           1           9  0.98459162956325907     
           3          10  0.98518961550527107     
           3          11  0.98383036064252394     
           3          12  0.98018236145620985     
           4          13  0.89860519685549112     
