           1           2   1.0200608870000898     
           2           3  0.92752226027975215     
           3           4   1.1875311001037658     
           3           5  0.19735466491644829     
           4           5   1.7388262006897182     
           4           6  0.88987103951656377     
           6           7   1.0233919336723925     
           6           8   1.8942574345161103     
           1           9  0.98439103260302974     
           1          10  0.98269611573008053     
           1          11  0.98439107681506799     
           2          12  0.96661605982695786     
           2          13  0.96661603505625959     
           7          14  0.94836035131475316     
           7          15  0.94836031133229404     
           7          16  0.98077100732684930     
