           1           2   1.7948824466697189     
           1           3  0.19717946794059321     
           2           3   1.1865282875333245     
           3           4  0.91715790480469783     
           4           5   1.0022201182096215     
           5           6   1.4161282214055673     
           6           7   1.4446451657609742     
           5           8  0.11028558194324616     
           7           8   1.4391999659229229     
           6           9  0.11174169189638608     
           8           9   1.4391998425502137     
           5          10   1.4161280739959816     
           7          10  0.11174176296621202     
           9          10   1.4446453449765961     
           2          11  0.91288206530365157     
           4          12  0.96531278704870849     
           4          13  0.96531319493113854     
           6          14  0.96893202865218542     
           7          15  0.97062600350831341     
           8          16  0.97098172097688229     
           9          17  0.97062600586764258     
          10          18  0.96893205107100322     
