           1           2   1.0093284471672976     
           2           3   1.0072836273422585     
           2           4  0.99326477899499099     
           4           5  0.92517841244428212     
           5           6   1.1651793987338728     
           5           7  0.17359997482840275     
           6           7   1.7281956553780795     
           6           8  0.95848343495440724     
           8           9   1.0249356238149503     
           1          10  0.98525607521219416     
           1          11  0.98608980466695861     
           1          12  0.98611265077816757     
           2          13  0.96657626702369703     
           3          14  0.98620979594054492     
           3          15  0.98622361424623306     
           3          16  0.98524596902478612     
           4          17  0.96762411840597262     
           4          18  0.96722952686278618     
           8          19  0.94588564338221570     
           8          20  0.94586358130850856     
           9          21  0.86601915589511069     
