           1           2   1.0192384087304360     
           2           3   1.0076547978450661     
           3           4   1.0075068728326386     
           4           5   1.0073075279728927     
           5           6  0.98769629277636806     
           6           7  0.99853528434632888     
           6           8   1.8739790644457395     
           1           9  0.98798029768150353     
           1          10  0.98741545211679926     
           1          11  0.98798029774380836     
           2          12  0.97845442291453999     
           2          13  0.97845442379648584     
           3          14  0.97739472326296495     
           3          15  0.97739472423975549     
           4          16  0.97616557483153876     
           4          17  0.97616556227960216     
           5          18  0.95261749493884362     
           5          19  0.95261738811899166     
           7          20  0.96455836332283540     
           7          21  0.96455840247426305     
           7          22  0.98362197767482151     
