   -0.10213568
   -0.05299512
   -0.05846352
   -0.05852549
   -0.05935241
   -0.05680617
   -0.06370505
    0.00411312
   -0.09394168
    0.27904182
   -0.38614299
   -0.09650172
   -0.09693528
    0.27956196
   -0.38529851
    0.03150465
    0.03341423
    0.03465954
    0.03016914
    0.02843896
    0.02799854
    0.03044317
    0.03208614
    0.03234308
    0.03037163
    0.03044494
    0.02627016
    0.04136277
    0.05153353
    0.04539782
    0.06197068
    0.07127549
    0.07723044
    0.07695217
    0.07710354
    0.07711611
