           1           2   1.0200439273574018     
           2           3   1.0070523440789918     
           3           4   1.0078353911123936     
           4           5   1.0068161403220417     
           5           6   1.0065939726242543     
           6           7   1.0081617268755161     
           7           8  0.99536831318670926     
           8           9  0.96782138247421012     
           9          10   1.1338712444133363     
           9          11  0.14176002578370131     
          10          11   1.7587673699205324     
          10          12  0.96936626177229235     
          12          13   1.0129386913787615     
           9          14   1.1338065234769321     
          13          14  0.96904879528371124     
           9          15  0.14092899725867769     
          14          15   1.7606953161803935     
           1          16  0.98759279641671294     
           1          17  0.98772062554927609     
           1          18  0.98648812911606543     
           2          19  0.97823166982301613     
           2          20  0.97862215040492218     
           3          21  0.97728721352460024     
           3          22  0.97748965343182359     
           4          23  0.97703786243581647     
           4          24  0.97602400463787597     
           5          25  0.97758960435276787     
           5          26  0.97706248327204781     
           6          27  0.97728948107460600     
           6          28  0.97611460131252259     
           7          29  0.97503825588890991     
           7          30  0.97296378243794723     
           8          31  0.96732718249465555     
           8          32  0.96740390059554360     
          12          33  0.95595703758060191     
          12          34  0.95551097433476406     
          13          35  0.95571821436973614     
          13          36  0.95584897350674791     
