           1           2   1.0195280889481666     
           2           3   1.0068823712141803     
           3           4   1.0017410205874189     
           4           5  0.95981878703276391     
           5           6   1.0978210106985626     
           6           7   1.3486828849414885     
           7           8   1.4743271935589009     
           8           9   1.3636798129943206     
           9          10   1.0785093951894562     
          10          11   1.8492249626187427     
           9          12   1.3431311275665829     
           6          13   1.3217007365731170     
          12          13   1.5056335448924862     
           1          14  0.98761040334627148     
           1          15  0.98689186703045517     
           1          16  0.98761051670320466     
           2          17  0.97817382795395913     
           2          18  0.97817391180299629     
           3          19  0.97545768648831854     
           3          20  0.97545789813406980     
           4          21  0.96717956237327152     
           4          22  0.96718007494805247     
           7          23  0.96509100050040897     
           8          24  0.96539928910929684     
          10          25  0.93063190530058970     
          12          26  0.96663406796954099     
          13          27  0.96697041400419526     
