           1           2   1.0194344848362256     
           2           3  0.94244351627299161     
           3           4   1.1152025355753930     
           3           5  0.16866209434450774     
           4           5   1.7124577857570609     
           4           6   1.0266810901828018     
           6           7   1.8570691065366876     
           7           8   1.0237044552435632     
           8           9  0.98911148849421637     
           8          10  0.98911170822181826     
           1          11  0.98547769588377476     
           1          12  0.98410064849952184     
           1          13  0.98547770414909719     
           2          14  0.96848249751124982     
           2          15  0.96848298818867207     
           6          16  0.96369275987785996     
           7          17  0.95870049069249585     
           8          18  0.96672702941310718     
           9          19  0.98630419639648659     
           9          20  0.98393471327860638     
           9          21  0.98738198761639517     
          10          22  0.98393495435822742     
          10          23  0.98738194444397975     
          10          24  0.98630415777780156     
