           1           2   1.9849449375699966     
           2           3   1.0159210513689436     
           3           4  0.97805728131115188     
           4           5  0.98486653610397035     
           5           6  0.99391641820958354     
           6           7   1.4109504738522161     
           7           8   1.4484016584653847     
           6           9  0.11016501534415642     
           8           9   1.4360808870924711     
           7          10  0.11222040606692607     
           9          10   1.4412661215605356     
           6          11   1.4181820857941803     
           8          11  0.11068643789353087     
          10          11   1.4416548856874734     
           1          12  0.97627866017722598     
           1          13  0.97500490633198988     
           2          14  0.96373832759027400     
           3          15  0.96301060716236986     
           3          16  0.94932317337085870     
           5          17  0.95562689918197441     
           5          18  0.96408799307841542     
           7          19  0.96849789869345615     
           8          20  0.97097949934577810     
           9          21  0.97145279570764931     
          10          22  0.97110101746265043     
          11          23  0.96893754216240868     
