   -0.43252433
    0.34145164
   -0.25194468
    0.11427753
   -0.06186962
   -0.05947260
   -0.06141044
   -0.06844051
    0.12161359
   -0.45538709
   -0.06430362
   -0.06088506
   -0.05901702
   -0.06171273
   -0.06295775
    0.04638858
    0.04569515
    0.04681306
    0.04195613
    0.03848077
    0.03892942
    0.04075041
    0.04197716
    0.05692727
    0.31162811
    0.03392780
    0.05996060
    0.04078084
    0.03536785
    0.03767009
    0.03194667
    0.03491057
    0.04477617
    0.05985571
    0.03384035
