           1           2   1.7108153192561950     
           1           3  0.17012338121124815     
           2           3   1.1725045251683879     
           3           4  0.91453056455528214     
           4           5  0.98587336121748548     
           5           6   1.0080790239245163     
           6           7   1.0078686517911652     
           4           8  0.98976591290250537     
           7           8   1.0049331486902378     
           2           9  0.93376318829335270     
           9          10  0.99517754054776197     
           9          11  0.95612537158169009     
          11          12   1.0097608822410371     
          12          13   1.0091725543324599     
          13          14   1.0092622130138240     
           9          15  0.96047773330003627     
          14          15   1.0095201707965362     
           4          16  0.96490858411285396     
           5          17  0.97691786836890770     
           5          18  0.97630878014895961     
           6          19  0.97872661639318670     
           6          20  0.97883627983097998     
           7          21  0.98042033346900170     
           7          22  0.97974657246730412     
           8          23  0.98066679993095618     
           8          24  0.97468624057344999     
          10          25  0.86233050842364167     
          11          26  0.97656067536647551     
          11          27  0.97059259146152388     
          12          28  0.97302279442066875     
          12          29  0.97543220679094389     
          13          30  0.97693870675370309     
          13          31  0.97739461906641134     
          14          32  0.97556720259591467     
          14          33  0.97254897449970312     
          15          34  0.97084497033378270     
          15          35  0.97654625484286406     
