           1           2  0.97894596798146050     
           2           3   1.0417429168064991     
           3           4   1.4399481325674255     
           4           5   1.3328461914804020     
           5           6   1.0787414739341492     
           6           7   1.8477041847451310     
           5           8   1.3743767654238956     
           8           9   1.4530546864232126     
           3          10   1.2624771009241942     
           9          10   1.3782111700634954     
          10          11   1.1094325352104604     
           1          12  0.97696345926356032     
           1          13  0.97947307924702764     
           1          14  0.97696350212428407     
           4          15  0.95961915974678014     
           6          16  0.93113515864756780     
           8          17  0.96679247568599924     
           9          18  0.96539322801897953     
          11          19  0.86853197528594073     
