           1           2   1.0208130549174812     
           2           3   1.0002895789455422     
           3           4  0.96325352801836484     
           4           5   1.7405265060887174     
           4           6   1.1521662539078701     
           5           6  0.17499032768622236     
           6           7  0.89889774941865419     
           7           8  0.99588638819221720     
           7           9  0.99419826760533359     
           7          10  0.97891789707791488     
          10          11   1.0197040582054471     
           1          12  0.98759892797450433     
           1          13  0.98645354162792442     
           1          14  0.98711967440426984     
           2          15  0.97799575007305561     
           2          16  0.97554279113967612     
           3          17  0.95072266100362413     
           3          18  0.97196817557878989     
           8          19  0.98433533224013992     
           8          20  0.98443678668190415     
           8          21  0.98204235376113413     
           9          22  0.98410516396581060     
           9          23  0.98484038032170018     
           9          24  0.98004023127039286     
          10          25  0.97142806721863795     
          10          26  0.97526634633629417     
          11          27  0.98655649581987515     
          11          28  0.98665978086529504     
          11          29  0.98613257337508187     
