           1           2   1.0253302086314564     
           2           3   1.4172351633114328     
           3           4   1.4423505443218188     
           2           5  0.10720818279327878     
           4           5   1.4359514616533446     
           3           6  0.10793523373762284     
           5           6   1.4425419998856666     
           2           7   1.3833579163406564     
           4           7  0.10838817804262510     
           6           7   1.4189532136029563     
           7           8   1.0103465011915667     
           8           9  0.98721861223863439     
           9          10  0.99413113601138670     
           1          11  0.98469693444870088     
           1          12  0.97298633246151023     
           1          13  0.96887761668302341     
           3          14  0.96863919723653491     
           4          15  0.97133300312071513     
           5          16  0.97126498660488270     
           6          17  0.96898463228145992     
           8          18  0.97122525640702939     
           8          19  0.96893706187327955     
           9          20  0.97027493013453470     
           9          21  0.97218100505764549     
          10          22  0.90482924376580298     
