           1           2  0.99003187946220517     
           2           3   1.0127068218235451     
           3           4   1.9250861644614612     
           4           5   1.0253561868794028     
           5           6  0.99648715077937211     
           6           7   1.0094919424415982     
           2           8  0.96109275636153402     
           6           8  0.95789396763530854     
           8           9  0.99692454864122393     
           9          10   1.9238552326894409     
           1          11  0.98477361377028982     
           1          12  0.98475523370319007     
           1          13  0.98485753395431685     
           2          14  0.95717894467150055     
           3          15  0.96625518984727055     
           4          16  0.96673996502387238     
           5          17  0.95471142940030573     
           5          18  0.96464924866160839     
           6          19  0.96358262429115915     
           7          20  0.98580744656570518     
           7          21  0.98547485041643212     
           7          22  0.98532099470192969     
           8          23  0.96191853184964471     
           9          24  0.93028191252668779     
