           1           2   1.9795400172322044     
           2           3   1.0263190597889496     
           3           4  0.95783952840029529     
           4           5  0.97935936645154176     
           5           6   1.0100427241308465     
           6           7   1.0102415062561165     
           7           8  0.98823637383954877     
           4           9   1.0100055176838529     
           8           9   1.0243089771453711     
           9          10   1.7648893227246940     
          10          11   1.1282269004444012     
           9          12  0.11870632284250149     
          11          12   2.7746942761986757     
           1          13  0.97512123352399505     
           1          14  0.97694622771532280     
           2          15  0.96655792903135995     
           3          16  0.96060542846003627     
           3          17  0.97246375818030528     
           4          18  0.96211322538384492     
           5          19  0.97667921789597945     
           5          20  0.97458541393777254     
           6          21  0.97481740345908052     
           6          22  0.97503697147309620     
           7          23  0.97825293281413694     
           7          24  0.97659082878852399     
           8          25  0.97464603682901829     
           8          26  0.95372184587980824     
          10          27  0.94100079174005025     
