           1           2   1.0197600022752320     
           2           3  0.93582833244691666     
           3           4   1.1338422976183993     
           3           5  0.17409276589642483     
           4           5   1.7235691051076829     
           4           6  0.99463872204629944     
           6           7   1.3894250319260149     
           7           8   1.4463642448358034     
           6           9  0.10147976840171596     
           8           9   1.4370080217495660     
           9          10   1.3959067296781815     
          10          11  0.97819102129499391     
           6          12   1.3910796217073953     
           8          12  0.10596435509560832     
          10          12   1.4174761756578322     
           1          13  0.98340011501114166     
           1          14  0.98516398094037960     
           1          15  0.98516399541466382     
           2          16  0.96810516061024621     
           2          17  0.96810514854883611     
           7          18  0.96401319290840615     
           8          19  0.96775942043126240     
           9          20  0.96682737814141506     
          12          21  0.96230517227362466     
