           1           2   1.0283342586480200     
           2           3   1.3996849984069084     
           3           4   1.4464030786927391     
           4           5   1.3978137935058974     
           5           6  0.98696739949792323     
           5           7   1.3621756364759232     
           7           8  0.98832054520037094     
           2           9   1.4082400819486929     
           4           9  0.10395627558595345     
           7           9   1.4064836524542255     
           1          10  0.98046011551865297     
           1          11  0.98017419598935918     
           1          12  0.96377993544082763     
           3          13  0.96695458057298855     
           4          14  0.96538193663168148     
           9          15  0.96399454692962638     
