           1           2  0.99608909169078530     
           2           3   1.0079537171423931     
           2           4   1.2759411053824785     
           2           5  0.21571434175824900     
           4           5   1.7085925973974305     
           1           6  0.97657668325671509     
           1           7  0.97390174988193023     
           1           8  0.97665226003328520     
           3           9  0.97851241163825686     
           3          10  0.97506796787965422     
           3          11  0.97516974987629412     
           4          12  0.91899309086969316     
