           1           2   1.0133798927776072     
           2           3   1.0090054397640591     
           3           4  0.75987124866415756     
           4           5   1.6603013474677193     
           4           6   1.6603013310993946     
           5           6  0.11298599257761359     
           4           7  0.75987123644609211     
           7           8   1.0090054473137995     
           8           9   1.0133798874605853     
           1          10  0.98736435043872861     
           1          11  0.98528020458390042     
           1          12  0.98736435000599432     
           2          13  0.97389218209793516     
           2          14  0.97389217457858512     
           3          15  0.97408956041237627     
           3          16  0.97408956190567464     
           7          17  0.97408955848982037     
           7          18  0.97408956404376690     
           8          19  0.97389218435410019     
           8          20  0.97389217075252366     
           9          21  0.98736435122108446     
           9          22  0.98528020969397767     
           9          23  0.98736435018927626     
