           1           2   1.0223709867698563     
           2           3   1.8822358594508346     
           3           4   1.0219084468575019     
           4           5  0.97595627763230453     
           5           6  0.98050353649006972     
           5           7  0.96622117470636393     
           7           8   1.0088144961665519     
           7           9   1.0089020469828136     
           5          10  0.97500804528543550     
           2          11   1.0099739015269837     
          10          11   1.0053503316094838     
           1          12  0.97446116808744287     
           1          13  0.98511304880856843     
           1          14  0.97233803038240652     
           3          15  0.96514706679218842     
           4          16  0.95745354420384676     
           4          17  0.96311301156207230     
           6          18  0.89537007986070083     
           7          19  0.96971230223660476     
           8          20  0.98544294063979232     
           8          21  0.98531709177552429     
           8          22  0.98518517335220646     
           9          23  0.98504197629414969     
           9          24  0.98449453983418356     
           9          25  0.98377485561272682     
          10          26  0.97766081091848833     
          10          27  0.97223572575791806     
          11          28  0.95870597157357018     
          11          29  0.96690293996681009     
