   -0.10667922
    0.00681374
   -0.10972351
   -0.06032009
   -0.05289717
   -0.06137501
    0.00598347
   -0.11186276
   -0.07023135
    0.08892333
   -0.26449307
    0.34933481
   -0.44427212
   -0.01425115
   -0.07276370
    0.06076370
   -0.01033816
   -0.10563626
   -0.10433671
   -0.21930381
    0.08861521
    0.07732018
   -0.12212864
   -0.12128449
   -0.11952274
    0.03984057
    0.04009949
    0.04132546
    0.03626204
    0.04260955
    0.04182322
    0.02420614
    0.03674513
    0.03319676
    0.03808538
    0.04403988
    0.04355525
    0.04726468
    0.04615121
    0.05156013
    0.04932685
    0.05590062
    0.03747994
    0.02894278
    0.03262770
    0.05072844
    0.03597648
    0.03226580
    0.04777059
    0.03648157
    0.07005871
    0.04890007
    0.04024754
    0.03974595
    0.04893758
    0.06818711
    0.04687005
    0.05775511
    0.05869776
