           1           2   1.0241366590382901     
           2           3   1.0220470307854477     
           2           4   1.8825538600991734     
           4           5   1.0220535219441957     
           5           6  0.96730638134452629     
           6           7   1.0146138399981874     
           7           8   1.0241476646114220     
           7           9   1.8752467376484949     
           9          10   1.0191382088614227     
          10          11  0.94255163252201490     
          11          12   1.1213010855072882     
          11          13  0.16243874736895308     
          12          13   1.6720054504050395     
          12          14   1.0429059102151814     
          14          15   1.4049991739133070     
          15          16   1.3905995057721896     
          16          17   1.0014099863421067     
          17          18  0.99826182839971067     
          17          19  0.99477515868187538     
          14          20  0.13713619724598769     
          16          20   1.4328994370088803     
          14          21   1.2342694949038273     
          20          21   1.2536786938355984     
          21          22  0.94529533746479599     
          22          23  0.98753602797705342     
          22          24  0.98817207725390543     
          22          25  0.99662918442927251     
           1          26  0.97909746402908560     
           1          27  0.97724736956260727     
           1          28  0.96950159281903958     
           3          29  0.98530934599010478     
           3          30  0.97394884490431521     
           3          31  0.97279424812829673     
           4          32  0.96583836660873246     
           5          33  0.96742836693735790     
           5          34  0.97607547262038485     
           6          35  0.97549080462125914     
           6          36  0.96723505461271020     
           8          37  0.97133206674466321     
           8          38  0.98508761576149528     
           8          39  0.96972019601557158     
           9          40  0.96158014932656655     
          10          41  0.95210800619838853     
          10          42  0.95029844332977220     
          15          43  0.97224008878193902     
          17          44  0.96897409612493357     
          18          45  0.98780165607830550     
          18          46  0.98583512780839366     
          18          47  0.98605877641776418     
          19          48  0.98781864755572357     
          19          49  0.98639752605852871     
          19          50  0.98573073496569819     
          23          51  0.97503999333315217     
          23          52  0.98295419444059440     
          23          53  0.98582293679930044     
          24          54  0.98588919473953740     
          24          55  0.98301900215747473     
          24          56  0.97570983068137596     
          25          57  0.98337338672203700     
          25          58  0.98314485151722764     
          25          59  0.98297170048886739     
