   -0.10973149
    0.00654574
   -0.10676236
   -0.05990260
   -0.05308437
   -0.06124914
    0.00741442
   -0.11281729
   -0.07025406
    0.07830387
   -0.24894693
    0.37728611
   -0.39300121
   -0.04740639
    0.17883400
   -0.20104863
   -0.05277032
   -0.02374289
   -0.05252500
    0.18098834
   -0.19514035
    0.04148967
    0.03624259
    0.04242846
    0.04012441
    0.03922396
    0.04167946
    0.02474614
    0.03608726
    0.03429133
    0.04003373
    0.04406640
    0.04273852
    0.04853871
    0.04685539
    0.05354215
    0.05854681
    0.06691015
    0.07675472
    0.06694838
    0.07776230
