           1           2   1.0215618242225157     
           2           3   1.0240291801042070     
           2           4   1.8823093056614808     
           4           5   1.0231758235000130     
           5           6  0.96635292824847197     
           6           7   1.0140593560703690     
           7           8   1.0241589448877670     
           7           9   1.8763470886755418     
           9          10   1.0099371811038229     
          10          11  0.93183233355857664     
          11          12   1.1565848023322811     
          11          13  0.18732981273102928     
          12          13   1.7497628173746986     
          12          14  0.95644268798771215     
          14          15   1.3585255868568240     
          15          16  0.97928361578076695     
          15          17   1.3979395654392957     
          14          18  0.10469226619882181     
          17          18   1.4365851482676075     
          18          19   1.4392074991620791     
          14          20   1.3587111431583303     
          19          20   1.3947347091887501     
          20          21  0.98501574283550941     
           1          22  0.97308012266386501     
           1          23  0.98532260371421487     
           1          24  0.97398112392774294     
           3          25  0.97613510132949199     
           3          26  0.97880725586108053     
           3          27  0.97025417334945629     
           4          28  0.96517823004031933     
           5          29  0.96821912545516153     
           5          30  0.97313198084538377     
           6          31  0.97512214960155374     
           6          32  0.96845377974283364     
           8          33  0.97095877109483641     
           8          34  0.98525093428347610     
           8          35  0.97026952003622147     
           9          36  0.96194279693783824     
          10          37  0.95470254709211744     
          10          38  0.95234702433123375     
          17          39  0.96407571499998113     
          18          40  0.96803437970547745     
          19          41  0.96396180246455165     
