           1           2   1.0307022742595509     
           2           3   1.7973408324789757     
           3           4   1.1148034739223285     
           2           5  0.10932577065570195     
           4           5   1.7994242228575992     
           5           6   1.0032727682300628     
           6           7  0.99778625356534556     
           6           8  0.99274494599534346     
           5           9   1.0074852453115830     
           2          10   1.0066237047823401     
           9          10   1.0048496384249810     
           1          11  0.97124658167723077     
           1          12  0.96953632554036440     
           1          13  0.98483508001769238     
           3          14  0.96670806987815072     
           4          15  0.96629926030375557     
           6          16  0.96654980595168483     
           7          17  0.98566985024414200     
           7          18  0.98772876402059362     
           7          19  0.98601757054128503     
           8          20  0.98548241700551320     
           8          21  0.98451477836130252     
           8          22  0.98773230295742276     
           9          23  0.96895025303275994     
           9          24  0.95883962770287623     
          10          25  0.97287828910323937     
          10          26  0.95936123953985186     
