   -0.10634002
    0.00757939
   -0.10713714
   -0.05819298
   -0.05136641
   -0.06377777
    0.01628824
   -0.11100927
   -0.06773615
    0.08586058
   -0.26037448
    0.35097982
   -0.42950023
   -0.00799332
   -0.06635018
    0.07341615
   -0.01044998
   -0.10572758
   -0.10863111
   -0.22042133
    0.10103491
    0.07427532
   -0.02981236
   -0.01890751
    0.00256512
    0.54594056
   -0.38731290
   -0.38640693
   -0.01649066
   -0.02417123
    0.03615509
    0.03927497
    0.04121196
    0.04100862
    0.04072281
    0.04107138
    0.02573800
    0.03573417
    0.03304400
    0.04036426
    0.04169169
    0.05012493
    0.05242023
    0.04131726
    0.04886848
    0.05120649
    0.05450819
    0.05076595
    0.03484324
    0.04284579
    0.04868596
    0.03520438
    0.04126911
    0.05407737
    0.03626626
    0.07892761
    0.08715889
    0.08829674
    0.06736563
