           1           2   1.0216257818325136     
           2           3   1.0244866402047184     
           2           4   1.8846552852750074     
           4           5   1.0229064244082535     
           5           6  0.96750124690538808     
           6           7   1.0112445606974723     
           7           8   1.0288314990296912     
           7           9   1.8766421229558174     
           9          10   1.0175168524402127     
          10          11  0.92390682248901435     
          11          12   1.1392443150887535     
          11          13  0.17451997510845940     
          12          13   1.6958362940009972     
          12          14   1.0166061850042936     
          14          15   1.4569544803779657     
          15          16   1.3325605241678280     
          16          17   1.0034577654015790     
          17          18  0.98985443252672112     
          17          19  0.99981322595501854     
          14          20  0.13927909142029693     
          16          20   1.4792648379645577     
          14          21   1.1962365292260142     
          20          21   1.1958841615075095     
          21          22   1.0530857840570595     
          22          23   1.3632408169069321     
          23          24   1.4716875684699307     
          24          25   1.3707647982717839     
          25          26  0.97079927194930993     
          26          27   1.4473708112444621     
          26          28   1.4484674712568815     
          27          28  0.35875450910368473     
          25          29   1.3733931302240985     
          22          30   1.3679180992924267     
          29          30   1.4667846526884880     
           1          31  0.98477276146796144     
           1          32  0.97465883712564061     
           1          33  0.97252939095440072     
           3          34  0.97670208828195915     
           3          35  0.97968031312321069     
           3          36  0.96948363106160262     
           4          37  0.96617846288910691     
           5          38  0.96650937492675515     
           5          39  0.97546197493082110     
           6          40  0.97180903684547848     
           6          41  0.97404562643079673     
           8          42  0.96538203562293745     
           8          43  0.97506819601607508     
           8          44  0.97706489425738485     
           9          45  0.96089925787721198     
          10          46  0.95902802727220271     
          10          47  0.95396489411637875     
          15          48  0.97038701088105617     
          17          49  0.96727862835040890     
          18          50  0.98474966178374068     
          18          51  0.98647303143667420     
          18          52  0.98751999720718042     
          19          53  0.98575559301185356     
          19          54  0.98528351605793163     
          19          55  0.98745129090721384     
          23          56  0.96272643821956805     
          24          57  0.95928515693068916     
          29          58  0.95920547659728539     
          30          59  0.96454376171593137     
