           1           2  0.99884416436997692     
           2           3  0.99062458416125831     
           2           4  0.95680630314744275     
           4           5   1.0315128614238773     
           2           6  0.95284219211086685     
           6           7   1.3040089857301980     
           6           8  0.20185125826054451     
           7           8   1.6414555038917900     
           7           9  0.94253128307575362     
           9          10   1.0020667850337175     
           1          11  0.98250307168269080     
           1          12  0.98284418104385796     
           1          13  0.98520968418756549     
           3          14  0.98080656493975082     
           3          15  0.98543251559043821     
           3          16  0.98219836217966661     
           4          17  0.96572303009932592     
           4          18  0.97006251456998438     
           5          19  0.83453030458236976     
           6          20  0.91989785506110877     
           9          21  0.95235582547205511     
           9          22  0.96425809244108407     
          10          23  0.90052377308580200     
