   -0.08843801
   -0.02647756
   -0.04189966
   -0.03208653
   -0.05796498
   -0.02859926
    0.01204108
   -0.11129162
    0.11093477
   -0.27552580
    0.35768679
   -0.42573869
   -0.05948417
   -0.02007241
   -0.02595438
   -0.02827872
   -0.11102079
    0.34556710
   -0.42914030
   -0.26066880
    0.03496905
    0.04206410
   -0.11703089
   -0.11290409
   -0.09889735
    0.22750834
   -0.36081356
    0.03827550
    0.03581326
    0.03341383
    0.03424193
    0.03732030
    0.07533579
    0.05058188
    0.06261794
    0.06454602
    0.06874864
    0.06362862
    0.05979765
    0.06581937
    0.06668305
    0.06009531
    0.05108091
    0.05967882
    0.06054625
    0.06072256
    0.06486756
    0.04979186
    0.04529430
    0.06654221
    0.05108468
    0.04920561
    0.05117658
    0.07872814
    0.07587781
