           1           2   1.8809857111938175     
           2           3   1.1229788042485314     
           1           4  0.13721908748122277     
           3           4   1.8293544327413314     
           4           5   1.0161729853043036     
           5           6   1.0010874815473865     
           6           7   1.7322007535809620     
           7           8   1.0476583705648981     
           7           9  0.98921974701313975     
           9          10  0.92977523718735988     
          10          11   1.1071107647119554     
          10          12  0.16236970152672975     
          11          12   1.7160034896717133     
          11          13   1.0218257436123452     
          13          14  0.88468729845283745     
          14          15   1.0811920530346668     
          15          16   1.7657486899953261     
          16          17   1.0301420302541524     
          16          18   1.0135290117089881     
          18          19   1.7075796849871816     
          18          20   1.1135324737059862     
          19          20  0.16451549294966097     
          20          21  0.96314685723173676     
          13          22  0.89950966910117058     
          14          22  0.91297252687044828     
          22          23   1.0118722269338019     
          22          24   1.0097915925867473     
           9          25  0.98662591867134197     
           6          26   1.0454560975631033     
          25          26  0.97511734649139969     
          26          27   1.8117504111982532     
           1          28  0.97628128229499478     
           1          29  0.97916247245117205     
           2          30  0.96452700026408555     
           3          31  0.96175544934973356     
           4          32  0.96558215437268879     
           5          33  0.94879549574242650     
           5          34  0.95935906224715850     
           8          35  0.97902969627181946     
           8          36  0.95497678581422285     
           8          37  0.96427146829412114     
           9          38  0.94146178741631958     
          13          39  0.96489868488142039     
          14          40  0.95473864913054385     
          15          41  0.95360422298860481     
          17          42  0.96673787098056552     
          17          43  0.97947725020015175     
          17          44  0.96965577189791896     
          21          45  0.97666802388214069     
          21          46  0.97667123438310954     
          21          47  0.98209214643059428     
          23          48  0.97873000303501745     
          23          49  0.97945078534014840     
          23          50  0.97737932872048927     
          24          51  0.97842252439988853     
          24          52  0.98031901914420971     
          24          53  0.98159318171622389     
          25          54  0.94882531442580664     
          25          55  0.95889468632800556     
