           1           2   1.0196947549663058     
           2           3   1.0085419339673640     
           3           4   1.0021278376838356     
           4           5  0.99975754205151102     
           5           6   1.0042621849270801     
           6           7  0.98209385214248968     
           7           8   1.0041562666331392     
           7           9  0.97407628222162979     
           9          10  0.97357824526621817     
          10          11   1.0041628024698592     
           5          12   1.0048193880746006     
          10          12  0.98263902163296590     
           1          13  0.98794364661176270     
           1          14  0.98744490723696499     
           1          15  0.98788875466384307     
           2          16  0.97616422426860561     
           2          17  0.97843286865079382     
           3          18  0.97325092025141702     
           3          19  0.97611930049184992     
           4          20  0.97227528461583601     
           4          21  0.96441835462235481     
           6          22  0.97206308882033110     
           6          23  0.96250584565425445     
           7          24  0.95727356125794016     
           8          25  0.98513570199929523     
           8          26  0.98448984050643373     
           8          27  0.98601439652145384     
          10          28  0.95726222669385608     
          11          29  0.98456782892974459     
          11          30  0.98516453781016433     
          11          31  0.98603952037122611     
          12          32  0.96943763797441163     
          12          33  0.96138915846894335     
