           1           2   1.0193469920760829     
           2           3   1.0081722664073003     
           3           4   1.0072245116604877     
           4           5  0.97095306003111448     
           5           6   1.7576140552856432     
           5           7   1.1284481811709071     
           6           7  0.17102839148099691     
           7           8  0.93665419123720717     
           8           9   1.0197703747984532     
           1          10  0.98775198129896502     
           1          11  0.98733415721118123     
           1          12  0.98775197375844237     
           2          13  0.97834889431082583     
           2          14  0.97834888620508398     
           3          15  0.97595152104417271     
           3          16  0.97595151444544459     
           4          17  0.95459167727137317     
           4          18  0.95459159436293683     
           8          19  0.96942747009058383     
           8          20  0.96942746832618565     
           9          21  0.98530955068766546     
           9          22  0.98530953778491870     
           9          23  0.98363385607908338     
