           1           2   1.0011344658153845     
           2           3   1.0059566443124626     
           2           4  0.96480595413577863     
           4           5   1.0024578708927703     
           5           6  0.98307248883166043     
           6           7  0.98252094062393935     
           6           8  0.94891119376578426     
           8           9  0.98400486238714124     
           8          10  0.99754786498088843     
           2          11  0.96331427278843385     
           8          11  0.97553250149401460     
           4          12  0.99081409718344693     
          11          12  0.99011352735859859     
           1          13  0.98282717765312000     
           1          14  0.98444824404999454     
           1          15  0.98426457306376747     
           3          16  0.98209238647993125     
           3          17  0.97776540680180646     
           3          18  0.98308125038651328     
           4          19  0.96961187481146260     
           5          20  0.97000991004372450     
           5          21  0.97802653301530484     
           6          22  0.96621626951798378     
           7          23  0.89640299934206891     
           9          24  0.98523788650117439     
           9          25  0.98376058113424913     
           9          26  0.98451751898664619     
          10          27  0.87119788776049989     
          11          28  0.96812170906871453     
          12          29  0.97588720242611449     
          12          30  0.97606874999928306     
