           1           2   1.0077970042150393     
           2           3   1.8693239783198556     
           2           4  0.98355718265447478     
           4           5  0.96382521119749287     
           5           6   1.0132234402735187     
           6           7   1.4119701971431238     
           7           8   1.4460443503649743     
           6           9  0.10993051562554157     
           8           9   1.4378836813659961     
           7          10  0.11104270318258422     
           9          10   1.4388324636338279     
           6          11   1.4120835735496449     
           8          11  0.11118469078298951     
          10          11   1.4449257872764061     
           1          12  0.96023319907344540     
           1          13  0.98344442440197966     
           1          14  0.95861132711994468     
           4          15  0.97799981564991145     
           4          16  0.96105042884617764     
           5          17  0.97364823033851255     
           5          18  0.96950772394840667     
           7          19  0.96950770746104686     
           8          20  0.97127310696484259     
           9          21  0.97155240351541428     
          10          22  0.97109472134673558     
          11          23  0.96887017886925531     
