           1           2   1.0193150233613484     
           2           3   1.0081718103085175     
           3           4   1.0074609312199134     
           4           5  0.96913005478745917     
           5           6   1.7520623854151682     
           5           7   1.1363876427486133     
           6           7  0.17216530793531620     
           7           8  0.91822551030273214     
           8           9   1.0026035826703095     
           8          10   1.0073480397450085     
           1          11  0.98736622104628058     
           1          12  0.98776516043314455     
           1          13  0.98777100554058694     
           2          14  0.97837184700585045     
           2          15  0.97839873665835220     
           3          16  0.97600184815376645     
           3          17  0.97596434529356346     
           4          18  0.95554979323780631     
           4          19  0.95481204315416091     
           8          20  0.96100613292946935     
           9          21  0.98391487696894864     
           9          22  0.98556442351964135     
           9          23  0.98429195178617424     
          10          24  0.98383380217495731     
          10          25  0.98515681424401014     
          10          26  0.98447512034910611     
