           1           2   1.0010596379947332     
           2           3  0.98630239691097243     
           2           4  0.92609242379773415     
           4           5   1.6877778989451122     
           4           6   1.2652052618936587     
           5           6  0.20077750951456008     
           6           7  0.99637834409007253     
           7           8  0.98135277709082780     
           8           9   1.0048160384449503     
           1          10  0.98400116031224316     
           1          11  0.97985302476691905     
           1          12  0.98502538256941929     
           2          13  0.94657423483915915     
           3          14  0.89539744366086371     
           6          15  0.92633705208087180     
           7          16  0.96567729592471074     
           7          17  0.97023525354393725     
           8          18  0.97072211673754405     
           8          19  0.97026991562765574     
           9          20  0.90082458541333132     
