           1           2  0.99210934730156042     
           2           3   1.7937039783303703     
           2           4   1.0807672823230601     
           4           5   1.5079837696103020     
           5           6   1.3242585461119489     
           4           7  0.10096885060233647     
           6           7   1.5723512119629257     
           4           8   1.1491772722186631     
           5           8  0.10265896980968373     
           7           8   1.2522824991022699     
           1           9  0.96477407865769160     
           1          10  0.98306017531014855     
           1          11  0.96477398261815561     
           5          12  0.96345739650612727     
           6          13  0.96516179997698270     
           7          14  0.97035574854638607     
