           1           2   1.8347161202507634     
           2           3   1.0510532437953171     
           3           4   1.3871807060732197     
           4           5   1.4520970163343070     
           3           6  0.10507935570404153     
           5           6   1.4346936045030032     
           4           7  0.10752125155434492     
           6           7   1.4323758523336441     
           3           8   1.3841787863142767     
           5           8  0.10782899579736918     
           7           8   1.4546420540153795     
           2           9   1.0023037252135381     
           9          10   1.0061754443567175     
          10          11   1.0091298616191779     
           1          12   1.0270680182563783     
          11          12   1.0063857088508634     
           1          13  0.96467111364078284     
           4          14  0.96887090818069876     
           5          15  0.97113002666595527     
           6          16  0.97179606813384944     
           7          17  0.97098331878474031     
           8          18  0.96820609768662969     
           9          19  0.97082271157095557     
           9          20  0.95922024842644049     
          10          21  0.97816537494989919     
          10          22  0.97782562860302469     
          11          23  0.97861403588190032     
          11          24  0.97848276797343603     
          12          25  0.95688545043613427     
          12          26  0.96675630131024604     
