           1           2  0.98099663669549397     
           2           3   1.0803615460869309     
           3           4   1.3715066909491760     
           4           5   1.4331024922235027     
           5           6   1.4441508938985872     
           4           7  0.10110830459401089     
           6           7   1.4172447225787177     
           3           8   1.3198619759309838     
           7           8   1.4389497731762102     
           8           9  0.98232744222658586     
           1          10  0.97653829265510250     
           1          11  0.97882522224876911     
           1          12  0.97653830235733619     
           4          13  0.96457063374407404     
           5          14  0.97036726893110870     
           6          15  0.96906771239998801     
           7          16  0.96737682873092223     
