           1           2  0.99406689212577715     
           2           3  0.98932111851277749     
           3           4  0.99446707462305139     
           4           5  0.97672572352940712     
           5           6   1.0507882109305191     
           6           7   1.3507363372306207     
           7           8   1.4697156663822688     
           8           9   1.4189804487225508     
           7          10  0.11065316368217189     
           9          10   1.4484924566417106     
           6          11   1.3796947239704189     
           8          11  0.10438746584433634     
          10          11   1.4352280326537654     
           1          12  0.97713420315478450     
           1          13  0.97713422984821474     
           1          14  0.97968637989621743     
           3          15  0.96660796904198132     
           3          16  0.96660790312633438     
           4          17  0.96625957749452218     
           4          18  0.96625946999707035     
           7          19  0.96850317862713098     
           8          20  0.97070578274806218     
           9          21  0.97144436887876628     
          10          22  0.97124096774546309     
          11          23  0.96654228973883316     
