           1           2   1.0160311604468044     
           2           3  0.97532980399318103     
           3           4   1.7518626306559579     
           3           5   1.1188105074485666     
           4           5  0.16654358290115912     
           5           6  0.94073492353201038     
           6           7  0.99190210938762724     
           6           8  0.92805094977023250     
           8           9   1.7618707048225044     
           8          10   1.1500554442030233     
           9          10  0.17740716172842955     
          10          11  0.94900064037048160     
           1          12  0.98482412196437941     
           1          13  0.98761687207298232     
           1          14  0.98660583501678634     
           2          15  0.96592099031546186     
           2          16  0.94392505713672159     
           6          17  0.95660726249408312     
           7          18  0.98316156731184323     
           7          19  0.98027858871561779     
           7          20  0.98324913572600792     
          11          21  0.97715970187659351     
          11          22  0.98150209859281246     
          11          23  0.97591733635910916     
