           1           2   1.0023136593586857     
           2           3  0.99310131190709006     
           3           4  0.94956434747805440     
           2           5  0.97030732164450184     
           2           6  0.93035027596387476     
           5           6  0.94570625503578110     
           1           7  0.97921432608258752     
           1           8  0.98281544377005159     
           1           9  0.97947608487249760     
           3          10  0.97557088002426173     
           3          11  0.97439253827014882     
           5          12  0.97267197601344568     
           5          13  0.97251718417298327     
