   -0.10182569
   -0.06395674
    0.11234575
   -0.11627982
   -0.25955617
    0.37482009
   -0.43218104
   -0.07986958
   -0.07913739
    0.27165930
   -0.44913370
   -0.11159539
    0.05274440
   -0.11442734
   -0.11315516
    0.03733351
   -0.11432304
   -0.11364361
    0.03822980
    0.04077606
    0.03714308
    0.04045491
    0.04849478
    0.05230294
    0.04932242
    0.04121542
    0.06896849
    0.05693834
    0.07022754
    0.06366075
    0.04567955
    0.03844307
    0.03897570
    0.06908240
    0.03439651
    0.06745504
    0.03774550
    0.03896469
    0.04821546
    0.04566670
    0.04496175
    0.04834730
    0.04292084
    0.04606499
    0.04552762
