           1           2   1.0196267457859665     
           2           3  0.99280231332377733     
           3           4   1.0007532319870192     
           3           5  0.91907102527980844     
           5           6   1.1567441963788603     
           5           7  0.17160859774118381     
           6           7   1.7298321470862019     
           6           8  0.95951997446337356     
           8           9   1.0026851854013303     
           9          10  0.96105188088062354     
          10          11   1.6537503297889198     
          10          12   1.2637140521420098     
          11          12  0.18783791013653878     
          12          13  0.95916937666029822     
          13          14   1.0021105812208559     
          13          15   1.0021995728926314     
          12          16  0.97828468803525925     
          16          17  0.99870187597314874     
          16          18  0.99933805793851482     
           1          19  0.98742055769822490     
           1          20  0.98743625327801388     
           1          21  0.98712317311784503     
           2          22  0.97551049044298999     
           2          23  0.97555443967191957     
           3          24  0.95811658467797112     
           4          25  0.98570121606508487     
           4          26  0.98501732513408091     
           4          27  0.98072290020027697     
           8          28  0.95651621899395567     
           8          29  0.97260062236950662     
           9          30  0.95942227253742163     
           9          31  0.96231141785356944     
          13          32  0.96042078809998377     
          14          33  0.98478643184143411     
          14          34  0.98025556532701785     
          14          35  0.98640468670538617     
          15          36  0.97990496564277274     
          15          37  0.98471457440818355     
          15          38  0.98578343367141730     
          16          39  0.95705966876461879     
          17          40  0.98265503586036851     
          17          41  0.98446756937180935     
          17          42  0.98527609788510251     
          18          43  0.98592508644256727     
          18          44  0.98184780755311840     
          18          45  0.98454010615794119     
