           1           2   1.0188964556200912     
           2           3  0.99344254188289260     
           3           4  0.98067416609432567     
           3           5  0.97284419817667278     
           5           6   1.0086850748339611     
           5           7  0.98465798069425725     
           7           8   1.0128599143779065     
           1           9  0.98702769145629499     
           1          10  0.98650485088058004     
           1          11  0.98773422276786771     
           2          12  0.97364838311501811     
           2          13  0.97675976487335214     
           3          14  0.96102898089635602     
           4          15  0.89412441855764935     
           5          16  0.96743997617560074     
           6          17  0.98580955222472078     
           6          18  0.98559154291400874     
           6          19  0.98201643136979855     
           7          20  0.96583729701106125     
           7          21  0.97216074006982789     
           8          22  0.86514217070041655     
