           1           2   1.0200090333847758     
           2           3  0.99030504600648694     
           3           4  0.99854049262687716     
           3           5  0.95283738683768993     
           5           6   1.0715856756453337     
           6           7   1.3726122267224754     
           7           8   1.4388908242374960     
           8           9   1.4217219156638137     
           9          10  0.99762818466055492     
          10          11  0.99809827389285033     
           7          12  0.10194223268832253     
           9          12   1.3908296053126350     
           6          13   1.3411231721749339     
           8          13  0.10751844829403370     
          12          13   1.4767044366436044     
           1          14  0.98696107970934976     
           1          15  0.98650078749852743     
           1          16  0.98778340531204289     
           2          17  0.97573945396580464     
           2          18  0.97644746066203059     
           3          19  0.95761394426317503     
           4          20  0.98594337473335936     
           4          21  0.98307384448031221     
           4          22  0.98568492716739176     
           7          23  0.96410346348328102     
           8          24  0.96767008857663583     
          10          25  0.95805495410714858     
          10          26  0.96563894561698937     
          11          27  0.90356266134975849     
          12          28  0.96862919082119903     
          13          29  0.96834058207368190     
