   -0.10690030
    0.00773829
   -0.10673834
   -0.05789022
   -0.05169711
   -0.06232493
    0.01521560
   -0.11106478
   -0.06801237
    0.08349760
   -0.26259822
    0.35224492
   -0.41819099
   -0.01904957
   -0.02233975
   -0.03297890
    0.08895023
   -0.15387406
   -0.03193165
   -0.01836214
    0.04075288
    0.04088997
    0.04104568
    0.04172223
    0.03464184
    0.04055348
    0.02431687
    0.03534851
    0.03483846
    0.04148471
    0.03952837
    0.04653307
    0.04874244
    0.04661520
    0.04591844
    0.05258671
    0.05589745
    0.06877779
    0.06077757
    0.06234903
    0.07298601
