           1           2   1.0243629457523937     
           2           3   1.0219064560709346     
           2           4   1.8854672546402955     
           4           5   1.0223346437992802     
           5           6  0.96714733492527649     
           6           7   1.0143778161587853     
           7           8   1.0236241021359489     
           7           9   1.8779432297295431     
           9          10   1.0180570540684348     
          10          11  0.92644618706859760     
          11          12   1.1402596511322711     
          11          13  0.17583729457386540     
          12          13   1.7181107664769766     
          12          14  0.99303448872764355     
          14          15   1.3879552439306357     
          15          16   1.4541259953283077     
          16          17   1.4018192423210323     
          17          18  0.99072791253778281     
          15          19  0.10514587451539575     
          17          19   1.4040328035796312     
          14          20   1.3888676906644424     
          16          20  0.10461728564906927     
          19          20   1.4520312378778668     
           1          21  0.97744943485791602     
           1          22  0.97961555253633148     
           1          23  0.96909350749487866     
           3          24  0.97291035527456748     
           3          25  0.98483068332930690     
           3          26  0.97386671011069370     
           4          27  0.96635790986976322     
           5          28  0.96607818447892024     
           5          29  0.97678193464671137     
           6          30  0.97445547299237034     
           6          31  0.96913126223378987     
           8          32  0.97116158667754471     
           8          33  0.98428656877771137     
           8          34  0.97065256441521552     
           9          35  0.96199137750692953     
          10          36  0.96101697618878790     
          10          37  0.95273996532450789     
          15          38  0.96205859390881143     
          16          39  0.96705783299696668     
          19          40  0.96674576982438021     
          20          41  0.96248905654819006     
