           1           2  0.99142832505069545     
           2           3  0.98570027675429839     
           3           4  0.94010536525345234     
           4           5   1.6632418286432880     
           4           6   1.2711649883565146     
           5           6  0.20535084983406576     
           6           7  0.99581377628954615     
           6           8   1.0021756367707078     
           1           9  0.97858033989538518     
           1          10  0.97720700083974665     
           1          11  0.98056592201630455     
           3          12  0.96573559245610785     
           3          13  0.95940528368943356     
           7          14  0.97695943625647352     
           7          15  0.97341605056328706     
           7          16  0.97650765764768344     
           8          17  0.97100158265799297     
           8          18  0.97392688557482765     
           8          19  0.97752036045147706     
