   -0.11660480
    0.07772224
   -0.26359930
    0.37072559
   -0.42585444
   -0.08600299
   -0.07023516
    0.27310235
   -0.13137500
   -0.33037373
    0.08075532
    0.11022681
    0.07462587
   -0.30933540
    0.04086278
   -0.33056018
    0.04681558
    0.05163550
    0.06648988
    0.04792616
    0.05979447
    0.06472468
    0.07428922
    0.06265167
    0.05602456
    0.07136511
    0.04834875
    0.04920012
    0.05797026
    0.04699743
    0.04571534
    0.04059983
    0.02173246
    0.06096558
    0.02963821
    0.03303521
