           1           2   1.0123431430883696     
           2           3  0.93932879327905017     
           3           4   1.1382912107403116     
           3           5  0.16831436381549106     
           4           5   1.7352365977322475     
           4           6  0.96614388102801041     
           6           7  0.99386917124045615     
           7           8  0.97007015140201758     
           8           9  0.97788266887279129     
           8          10  0.95404621521439414     
          10          11  0.98330015057149267     
          11          12  0.97580678135976051     
          12          13  0.98248793946436741     
          13          14  0.98822630787454657     
          14          15  0.99341253025028997     
           8          16  0.95464054376345764     
          12          16  0.97834475518475805     
           1          17  0.98404270878467937     
           1          18  0.98664272067423664     
           1          19  0.98183810357544310     
           2          20  0.97100289081775160     
           2          21  0.96717097921082162     
           6          22  0.95985438155427394     
           6          23  0.97283985834259601     
           7          24  0.97330589730827366     
           7          25  0.97359181499001646     
           9          26  0.97828842951524952     
           9          27  0.98488872213736811     
           9          28  0.98476192231931392     
          11          29  0.96939638839010644     
          11          30  0.96638561306842508     
          12          31  0.96053721648701385     
          13          32  0.96488614589971866     
          13          33  0.96581412143862821     
          15          34  0.97982048367500352     
          15          35  0.97719326839501330     
          15          36  0.97676018443642609     
