           1           2  0.99736378050407248     
           2           3  0.94340074610430646     
           3           4   1.0170876576134371     
           4           5   1.4075917920665866     
           5           6   1.4442886445125585     
           6           7   1.4044162328191296     
           7           8  0.97036208014595815     
           5           9  0.10756293927400165     
           7           9   1.4014004673713545     
           4          10   1.4055437888060807     
           6          10  0.10806645561481394     
           9          10   1.4479858478832477     
           2          11  0.99190548404663359     
          11          12   1.5841268902289782     
          12          13   1.2872119409453557     
          11          14  0.14601906805475687     
          13          14   1.6178166077023142     
          11          15   1.1152566413185998     
          14          15   1.1277263054353466     
           1          16  0.89258837517086842     
           2          17  0.96034757617819522     
           3          18  0.96867064031331163     
           3          19  0.97235449408405594     
           5          20  0.96758115907031650     
           6          21  0.96747868833467021     
           9          22  0.96734727400185172     
          10          23  0.96738708751249869     
          12          24  0.97497995616773059     
          13          25  0.97453520214982459     
          14          26  0.96687958837604138     
