           1           2   1.0049177043254123     
           2           3  0.99806356223457360     
           3           4   1.0017199037800422     
           4           5  0.98149133876589933     
           5           6   1.0047848168495173     
           3           7   1.1478611309631259     
           7           8   1.3351665993785176     
           8           9   1.4640164013852375     
           9          10   1.4256404127305717     
           8          11  0.10218533107660650     
          10          11   1.4254611646416517     
           7          12   1.3354430207951791     
           9          12  0.10228282797745139     
          11          12   1.4641210064473991     
           1          13  0.98521544314443743     
           1          14  0.98548829393386672     
           1          15  0.98687630702706142     
           2          16  0.97097297279578321     
           2          17  0.96684741306487831     
           4          18  0.96447807516598671     
           4          19  0.96962717730151560     
           5          20  0.96823095143945237     
           5          21  0.97214121762420491     
           6          22  0.89706108255653694     
           8          23  0.96427432069571650     
           9          24  0.97160413379278421     
          10          25  0.97217273007692473     
          11          26  0.97162486065663167     
          12          27  0.96427344971732798     
