   -0.10300994
   -0.05356969
   -0.06445654
    0.11691541
   -0.45370395
   -0.04153579
   -0.05865607
   -0.10377563
    0.11164159
   -0.45541741
   -0.07212127
   -0.10194695
    0.03081460
    0.03314105
    0.03429646
    0.05188669
    0.02701258
    0.02494362
    0.04518360
    0.00729092
    0.31151470
    0.02965302
    0.04866392
    0.04744607
    0.03632101
    0.02917664
    0.03286195
    0.01524871
    0.28991551
    0.04284536
    0.03523044
    0.04059078
    0.03539898
    0.03019964
