           1           2   1.0192111889880633     
           2           3   1.0073839917625380     
           3           4  0.99148822798237957     
           4           5   1.0007007640012344     
           4           6  0.97121276626245090     
           6           7  0.99482681434271358     
           7           8   1.0203371539698263     
           6           9  0.97979467064198122     
           9          10  0.97940217613010538     
           9          11  0.98840286610003103     
          11          12   1.0187263048046447     
           1          13  0.98796172140811289     
           1          14  0.98750872930686018     
           1          15  0.98794744855980610     
           2          16  0.97618938860337223     
           2          17  0.97845579805569516     
           3          18  0.97672350414242537     
           3          19  0.97203056362344031     
           4          20  0.95392946058676964     
           5          21  0.87135500336373739     
           6          22  0.96424876656323044     
           7          23  0.97152856364288709     
           7          24  0.97590571735139486     
           8          25  0.98683342432596488     
           8          26  0.98539398767112363     
           8          27  0.98744976778967108     
           9          28  0.95716888574130166     
          10          29  0.89241906598919274     
          11          30  0.97258309779601637     
          11          31  0.97602589996627265     
          12          32  0.98617308856086183     
          12          33  0.98702658998679516     
          12          34  0.98389514404644418     
