           1           2   1.0043016983388329     
           2           3   1.0001278148990618     
           2           4  0.98391297401964273     
           4           5   1.0077179376954388     
           5           6   1.0055529434056094     
           6           7  0.98230701617134764     
           1           8  0.98623766458866424     
           1           9  0.98747376892661076     
           1          10  0.98497950466838946     
           2          11  0.96027573281698420     
           3          12  0.85254624743182983     
           4          13  0.97457699808564757     
           4          14  0.97588705401849907     
           5          15  0.97604434102223636     
           5          16  0.97241741557989814     
           6          17  0.97376982876452911     
           6          18  0.97129562348332910     
           7          19  0.90090601418022653     
