           1           2   1.9343275728183804     
           2           3   1.0076618836448734     
           3           4   1.7183973456449630     
           3           5   1.1327444210694673     
           4           5  0.17548610233418327     
           5           6  0.92049008340176897     
           6           7   1.0074429610072546     
           6           8  0.98599421349564220     
           8           9   1.0060289445646009     
           9          10   1.0064771717672722     
          10          11   1.0076669862584291     
          11          12   1.0191852210731958     
           1          13  0.97011018470353660     
           1          14  0.97552508429129325     
           2          15  0.96488582310716775     
           6          16  0.95924592932981101     
           7          17  0.98438567555688117     
           7          18  0.98186141743717559     
           7          19  0.98467335394197653     
           8          20  0.97386565886398524     
           8          21  0.97588532227865843     
           9          22  0.97695245322565105     
           9          23  0.97578178633819623     
          10          24  0.97720406491492551     
          10          25  0.97738428518554010     
          11          26  0.97852839222774746     
          11          27  0.97855982419002974     
          12          28  0.98742203544504026     
          12          29  0.98793965420053576     
          12          30  0.98790755957750542     
