           1           2   1.0041019480633775     
           2           3  0.98710697389679913     
           3           4   1.0031331274306203     
           4           5   1.0025633226269737     
           5           6  0.98545413896067868     
           6           7   1.0165783280433982     
           4           8   1.0041235546255789     
           8           9  0.98640294432550968     
           9          10   1.0079800474177956     
           1          11  0.90269353973986544     
           2          12  0.96961700056232603     
           2          13  0.96860762820327784     
           3          14  0.97092378065618878     
           3          15  0.96740714106810888     
           5          16  0.96567086539982039     
           5          17  0.97042130997432008     
           6          18  0.97124913433839988     
           6          19  0.96524308940814563     
           7          20  0.87225034043792671     
           8          21  0.96795741785666423     
           8          22  0.96770596431980649     
           9          23  0.96872926880867538     
           9          24  0.97328656875432595     
          10          25  0.87115267271925922     
