           1           2   1.9844888236869429     
           2           3   1.0159719208072993     
           3           4  0.97898195807514399     
           4           5  0.97612556196306510     
           5           6  0.99449927226709456     
           6           7   1.4254334741941699     
           7           8   1.4371126927088886     
           6           9  0.10810748193942141     
           8           9   1.4390385173424716     
           7          10  0.10731904495298097     
           9          10   1.4406588454271185     
           6          11   1.3786933851302796     
           8          11  0.10802113343776473     
          10          11   1.4183758072087544     
          11          12   1.0290233021212676     
           1          13  0.97506364393437306     
           1          14  0.97631729273947909     
           2          15  0.96385645739610304     
           3          16  0.94905138441066539     
           3          17  0.96289666206873248     
           5          18  0.96579900294083232     
           5          19  0.95990930474063740     
           7          20  0.96820948279445207     
           8          21  0.97120058500905970     
           9          22  0.97119251634807469     
          10          23  0.96865507704399700     
          12          24  0.96578263214475335     
          12          25  0.97069540800646303     
          12          26  0.98464427413161693     
