           1           2   1.0187236201902541     
           2           3  0.98414467291387420     
           3           4   1.0380796497109328     
           4           5   1.8497755236404001     
           5           6   1.0503639200332640     
           6           7   1.8168446837171659     
           6           8  0.98325078993597792     
           8           9   1.0202771932653174     
           1          10  0.98755568624594425     
           1          11  0.98759096277625991     
           1          12  0.98608432750395369     
           2          13  0.97860165559183132     
           2          14  0.97940850928027035     
           3          15  0.95431467902625711     
           3          16  0.97443752838165332     
           4          17  0.96176140566931112     
           5          18  0.96019273308229047     
           8          19  0.95578878495682951     
           8          20  0.95473847591260197     
           9          21  0.98649021560979899     
           9          22  0.98758293857953539     
           9          23  0.98651395399408082     
