           1           2   1.9824408557211597     
           2           3   1.0069068404603723     
           3           4  0.96832900016102852     
           4           5   1.0016101306845320     
           5           6  0.93915186889066204     
           6           7   1.7384024460789527     
           6           8   1.1582062546358063     
           7           8  0.17779700940140414     
           8           9  0.94783926512072059     
           5          10  0.90243244506197917     
          10          11   1.7796943040980588     
           3          12  0.93161399626053842     
          10          12   1.1567161257679761     
          11          12  0.17008794415937858     
           1          13  0.97188145696046513     
           1          14  0.97519059370443462     
           2          15  0.96315377317643092     
           3          16  0.94712409595661029     
           4          17  0.97403568898255410     
           4          18  0.97701132202638297     
           5          19  0.95234519072480417     
           9          20  0.97601502312371724     
           9          21  0.97976618870068588     
           9          22  0.97518349708136987     
