           1           2   1.0129021495156563     
           2           3  0.93055363790534285     
           3           4   1.1583897930809668     
           3           5  0.17425158653042708     
           4           5   1.7331397136926665     
           4           6  0.94782372927280334     
           6           7  0.94843517959398582     
           7           8   1.8730599093628064     
           7           9   1.0025580140112196     
           9          10   1.0181020014301658     
           1          11  0.98589582759889338     
           1          12  0.98476772666259904     
           1          13  0.98293713399724103     
           2          14  0.96946352082741838     
           2          15  0.97148472646318584     
           6          16  0.95180490474061541     
           6          17  0.96980450781833227     
           9          18  0.94523167548268261     
           9          19  0.94203034847914480     
          10          20  0.98598785036669379     
          10          21  0.98684231282336132     
          10          22  0.98690358718334492     
