           1           2   1.0067635963384582     
           2           3   1.0095392383383754     
           2           4  0.97319202747486400     
           4           5  0.99873371915622000     
           4           6  0.95504552903479789     
           6           7  0.99837805932586077     
           6           8  0.99929259288106498     
           6           9  0.96290749365504180     
           9          10   1.0027071642614762     
           9          11  0.98044849010946655     
           1          12  0.98682458597682288     
           1          13  0.98712226469907927     
           1          14  0.98287436774391645     
           2          15  0.96542896827377667     
           3          16  0.98636315906856797     
           3          17  0.98422376924376298     
           3          18  0.98046404832811640     
           4          19  0.96141497646283125     
           5          20  0.87005852530637628     
           7          21  0.98178668087763343     
           7          22  0.97999053064233177     
           7          23  0.98441654295000425     
           8          24  0.98373650401629020     
           8          25  0.98317398145259938     
           8          26  0.97993517876915015     
           9          27  0.95887222599292921     
          10          28  0.98156959558776102     
          10          29  0.98345288278515186     
          10          30  0.98499802900969458     
          11          31  0.89329645454559259     
