           1           2   1.0195939870291346     
           2           3   1.0055398568142249     
           3           4   1.0055274431115466     
           4           5  0.92890708316143633     
           5           6   1.1505023371264189     
           5           7  0.17697692522977485     
           6           7   1.7500004547294057     
           6           8  0.95930514739679107     
           8           9   1.0207823170489645     
           9          10  0.96703498815269795     
           1          11  0.98753538223045734     
           1          12  0.98671357013974292     
           1          13  0.98753540593082834     
           2          14  0.97803498726932725     
           2          15  0.97803496236903653     
           3          16  0.97504923859018833     
           3          17  0.97504931190049904     
           4          18  0.96834786854889732     
           4          19  0.96834791714271085     
           8          20  0.95512419776288504     
           8          21  0.95512457147066154     
           9          22  0.97673417563434772     
           9          23  0.97673412372590451     
