           1           2   1.0067561931740183     
           2           3  0.94940051074102427     
           3           4   1.0030034255716469     
           4           5  0.99625714448396352     
           2           6  0.97168954259825113     
           5           6  0.99393122318070026     
           5           7  0.97244570229722083     
           7           8  0.97956683818989032     
           7           9  0.98671984672607327     
           2          10  0.95831805178011920     
           7          10  0.94859416579217426     
          10          11   1.8782762986848862     
           1          12  0.98262742740926168     
           1          13  0.98424811986379857     
           1          14  0.98429093116746480     
           3          15  0.97513553467250791     
           3          16  0.97991362544024452     
           4          17  0.97981920774705389     
           4          18  0.97594087442936650     
           5          19  0.97100953617625352     
           6          20  0.97340450962933356     
           6          21  0.97503686258678202     
           8          22  0.98394839810822543     
           8          23  0.98292417454058056     
           8          24  0.98243438483966949     
           9          25  0.98286235655878595     
           9          26  0.98371684223614986     
           9          27  0.98282374713988174     
