           1           2   1.0193795941644013     
           2           3   1.0014701914346664     
           3           4  0.97898285007347041     
           4           5  0.96634064655607343     
           5           6  0.98733985609254704     
           6           7   1.0073081661021459     
           7           8   1.0091314200785497     
           8           9   1.0088380172751610     
           5          10  0.96735072637705133     
           9          10  0.99336438317243947     
          10          11  0.99570199021389871     
           1          12  0.98679419005118252     
           1          13  0.98756505968280284     
           1          14  0.98756184312692086     
           2          15  0.97691071022713694     
           2          16  0.97740640030524217     
           3          17  0.96771073545313047     
           3          18  0.96689573743981938     
           5          19  0.95690758013255306     
           6          20  0.97445678874367447     
           6          21  0.97599212350308251     
           7          22  0.97733169723053992     
           7          23  0.97686646257552168     
           8          24  0.97679518099382590     
           8          25  0.97716179802836645     
           9          26  0.97510053797036012     
           9          27  0.97457362363351863     
          10          28  0.95775631263366112     
          11          29  0.88667990942455099     
