           1           2   1.9270770934535006     
           2           3   1.0229406199253304     
           2           4   1.0112484035402569     
           4           5  0.99504344486060781     
           5           6  0.97472539287184201     
           6           7  0.99813192828058461     
           7           8   1.0065619567388351     
           7           9  0.99842569589979357     
           9          10  0.98863944044635477     
           5          11  0.97505622532774905     
          10          11  0.98680357355408843     
          11          12   1.8694275252843033     
           1          13  0.97205005871696082     
           1          14  0.97505095666696595     
           3          15  0.97124047453765439     
           3          16  0.98491560416573021     
           3          17  0.97364740788505244     
           4          18  0.95267998813499988     
           4          19  0.96627448233726798     
           5          20  0.93973409031139732     
           6          21  0.97096005874836622     
           6          22  0.97569739302567715     
           7          23  0.96766435575433651     
           8          24  0.98622778116812149     
           8          25  0.98622568652206966     
           8          26  0.98663608393907132     
           9          27  0.97685523091565718     
           9          28  0.97501973609682113     
          10          29  0.95473879549848573     
          10          30  0.97423353914038813     
