   -0.10999175
   -0.05952227
    0.07479971
   -0.26358482
    0.36100109
   -0.42892361
   -0.11039154
    0.15061309
   -0.44884089
   -0.06382584
   -0.05672652
   -0.05762198
   -0.05463976
   -0.06726792
    0.04332201
    0.03949319
    0.04776345
    0.05138737
    0.04525279
    0.05665174
    0.05695568
    0.07711993
    0.05829930
    0.30999603
    0.04345263
    0.03048284
    0.05463288
    0.02964739
    0.02995329
    0.03051205
    0.02727848
    0.04837166
    0.02511760
    0.02923272
