           1           2   1.0181263857679779     
           2           3  0.99820047416676327     
           3           4  0.93446301644373941     
           4           5   1.1504454420195027     
           4           6  0.17034447570275313     
           5           6   1.7148600302388577     
           5           7  0.98146687059301252     
           7           8  0.94689447301616603     
           8           9   1.0009240666086188     
           8          10  0.97906639321542455     
          10          11   1.0071414268595431     
          11          12   1.0095677785889490     
          12          13   1.0095256572358480     
           8          14  0.97299349181390715     
          13          14   1.0081819141852166     
           1          15  0.98726136109641915     
           1          16  0.98744383407962610     
           1          17  0.98603198152232530     
           2          18  0.97598865632280019     
           2          19  0.97725683560717269     
           3          20  0.97144550937691210     
           3          21  0.96860759285297582     
           7          22  0.94846266477995300     
           7          23  0.97425184334775361     
           9          24  0.86609018228772749     
          10          25  0.97546991723740439     
          10          26  0.97665352104026781     
          11          27  0.97524816936563008     
          11          28  0.97698858972801328     
          12          29  0.97713643970614628     
          12          30  0.97748479816303580     
          13          31  0.97729468717254642     
          13          32  0.97559790355994380     
          14          33  0.97393240350621391     
          14          34  0.97640240958684188     
