           1           2   1.0200862383816363     
           2           3   1.0070052724662175     
           3           4   1.0079373322236469     
           4           5   1.0066379592055419     
           5           6   1.0068475987195078     
           6           7   1.0051454465007390     
           7           8  0.99398465087847554     
           8           9  0.98344717099053525     
           9          10   1.0126201129713557     
          10          11  0.95687883374132698     
          11          12   1.7782713096683893     
           8          13  0.93694966594650397     
          11          13   1.1318067320816858     
          12          13  0.16655239767453031     
           1          14  0.98627946477254769     
           1          15  0.98771578570786767     
           1          16  0.98754361169089655     
           2          17  0.97858218439090661     
           2          18  0.97822415292078790     
           3          19  0.97736529662725835     
           3          20  0.97740860186396672     
           4          21  0.97560602882755076     
           4          22  0.97715754538434063     
           5          23  0.97735174445183914     
           5          24  0.97724531019521932     
           6          25  0.97692857339299566     
           6          26  0.97572315202337734     
           7          27  0.97346147865626720     
           7          28  0.97391458122639518     
           8          29  0.96014456046536634     
           9          30  0.97756469122837553     
           9          31  0.97954933079601769     
          10          32  0.96658836340139587     
          10          33  0.95388989148491232     
