           1           2  0.99801127320522487     
           2           3   1.0157103909959047     
           3           4   1.4003112654533485     
           4           5   1.4657654219721761     
           5           6   1.3745232128960450     
           6           7   1.0304726341148214     
           7           8   1.0004673612877986     
           7           9   1.8186751237931140     
           4          10  0.10248996351399160     
           6          10   1.3791743220975476     
           3          11   1.3988967572462589     
           5          11  0.10164333300785643     
          10          11   1.4651573614622795     
           1          12  0.98821474677973709     
           1          13  0.98831683215173416     
           1          14  0.98583499430721200     
           2          15  0.97330279953101140     
           2          16  0.97346524689659830     
           4          17  0.96809940026101804     
           5          18  0.96504932551448142     
           8          19  0.98368682572851451     
           8          20  0.96399434498310099     
           8          21  0.96309668478654531     
          10          22  0.96647264467834648     
          11          23  0.96871582203004158     
