           1           2   1.0083311281371909     
           2           3   1.0095028640648471     
           2           4  0.99648065846522615     
           4           5   1.0014807870676516     
           5           6  0.98246394153007932     
           6           7  0.98246394225744560     
           7           8   1.0014807806983195     
           8           9  0.99648065952309028     
           9          10   1.0095028649669713     
           9          11   1.0083311276381774     
           1          12  0.98690084073842410     
           1          13  0.98666791293759115     
           1          14  0.98636150250841204     
           2          15  0.96876683810305697     
           3          16  0.98551857294721168     
           3          17  0.98652558600038487     
           3          18  0.98613292333483571     
           4          19  0.97543566642267221     
           4          20  0.97366493714922264     
           5          21  0.96615825358481966     
           5          22  0.96647536745198348     
           7          23  0.96615826803634608     
           7          24  0.96647535936601203     
           8          25  0.97543567523852093     
           8          26  0.97366493187361136     
           9          27  0.96876683586682244     
          10          28  0.98613292464791269     
          10          29  0.98652558625548226     
          10          30  0.98551857455061453     
          11          31  0.98666791545213950     
          11          32  0.98690084015785784     
          11          33  0.98636150098999908     
