           1           2   1.8709009060767885     
           2           3   1.0292171205499363     
           2           4   1.0015842358678333     
           4           5   1.7284136260200855     
           4           6   1.1002259553463642     
           5           6  0.16293901365392122     
           6           7  0.96692176373143646     
           7           8  0.93902659250769371     
           8           9   1.7672024124416124     
           8          10   1.1487183761999893     
           9          10  0.17825278186485374     
          10          11  0.94864226733444024     
           1          12  0.97387750019422570     
           1          13  0.97202816428660521     
           3          14  0.96682602821740116     
           3          15  0.98455619156280738     
           3          16  0.96557135439703057     
           7          17  0.95196910055848205     
           7          18  0.96098709640026148     
          11          19  0.98133312044323773     
          11          20  0.97603209381612266     
          11          21  0.97720877013030549     
