   -0.09727188
   -0.02126062
   -0.06087458
   -0.00352218
   -0.05205356
   -0.04329416
   -0.07360820
    0.11385796
   -0.27609613
    0.04097048
    0.11410662
   -0.28619877
    0.08118139
    0.00558513
   -0.18657210
    0.01392611
   -0.11039778
    0.00388317
   -0.10938628
    0.03299959
    0.03389695
    0.03860164
    0.06260254
    0.04419998
    0.03895489
    0.03551266
    0.03714321
    0.03951353
    0.05836432
    0.03800089
    0.03581364
    0.04039010
    0.05674911
    0.01682820
    0.01006133
    0.03450777
    0.04725985
    0.03718098
    0.03976185
    0.03395851
    0.03311095
    0.03391134
    0.03325667
    0.03444489
