           1           2   1.9756134295961700     
           2           3   1.0087555041123712     
           3           4  0.99624566609327325     
           4           5   1.4051764416597221     
           5           6   1.4444946103723544     
           6           7   1.4257324041330532     
           7           8   1.3874027870109278     
           8           9   1.0435105216934211     
           9          10  0.98724253840064946     
           4          11   1.3670368887463074     
           8          11   1.3044200764848073     
          11          12   1.0394288384588486     
          12          13  0.95917104254276087     
          13          14  0.99230816082152262     
          14          15   1.0077955314892943     
          15          16   1.0001371526022704     
          16          17   1.0129131728128924     
          15          18   1.0072703401733625     
          18          19   1.0025389226981591     
           1          20  0.97633123833094637     
           1          21  0.97535879069348819     
           2          22  0.96477334889769228     
           3          23  0.95161493974800548     
           3          24  0.97227278940267492     
           5          25  0.96833143307530190     
           6          26  0.97078356762044538     
           7          27  0.96530925519951039     
          10          28  0.97618960377163233     
          10          29  0.97942827869259386     
          10          30  0.97642567137264702     
          13          31  0.97165591224095715     
          13          32  0.96769547252969679     
          14          33  0.96453121319719948     
          14          34  0.96327624272256529     
          16          35  0.96785150727566349     
          16          36  0.97360645665457146     
          17          37  0.98718124720496325     
          17          38  0.98608475499150050     
          17          39  0.98342424742425338     
          18          40  0.97253814727641064     
          18          41  0.97201307670979686     
          19          42  0.98728038213332103     
          19          43  0.98648267769705089     
          19          44  0.98576630238847296     
