           1           2   1.0157507040380238     
           2           3  0.96056396107041275     
           3           4   1.0872413448668323     
           4           5   1.3685532350097296     
           5           6   1.4336652762994948     
           6           7   1.4440244355608549     
           5           8  0.10075821367892215     
           7           8   1.4163478173861019     
           4           9   1.3172876095833430     
           8           9   1.4402459159043570     
           9          10  0.98140342267234104     
           1          11  0.98468348135355466     
           1          12  0.98513824144082507     
           1          13  0.98513828274582960     
           2          14  0.96856508213905146     
           2          15  0.96856507006282755     
           5          16  0.96497087074031529     
           6          17  0.97040213297724209     
           7          18  0.96914364293673849     
           8          19  0.96746831657399324     
