           1           2   1.0129043366488490     
           2           3  0.93055085145702188     
           3           4   1.1557058862133069     
           3           5  0.17833836305205672     
           4           5   1.7526075383441171     
           4           6  0.94133882158770144     
           6           7  0.94106963733489857     
           7           8   1.7524367511227528     
           7           9   1.1577290104116886     
           8           9  0.17870549196116389     
           9          10  0.92993035190481610     
          10          11   1.0128368648840942     
           1          12  0.98451415818011578     
           1          13  0.98594960946974242     
           1          14  0.98301020526368399     
           2          15  0.96956647482058433     
           2          16  0.97157356101076220     
           6          17  0.96366679103067088     
           6          18  0.95938684599542368     
          10          19  0.96933052141994480     
          10          20  0.97226516783503503     
          11          21  0.98299244457657597     
          11          22  0.98517663292560553     
          11          23  0.98487590684617665     
