           1           2   2.8531836841045610     
           2           3   1.0559118351234522     
           3           4  0.97552834235120389     
           4           5  0.98465682609735117     
           5           6  0.98711257822468235     
           6           7   1.0034767203359778     
           7           8   1.5877406011576551     
           8           9   1.2814187138363873     
           7          10  0.14351684401442819     
           9          10   1.6214883034440040     
           7          11   1.1195869401774652     
          10          11   1.1225655924946070     
           3          12  0.94143790455918763     
           3          13  0.94143841100716252     
           4          14  0.96756663367237117     
           4          15  0.96756411885418059     
           6          16  0.95273789794086605     
           6          17  0.95274398616429823     
           8          18  0.97360394909334291     
           9          19  0.97455839008483791     
          10          20  0.96656558512616586     
