           1           2   1.0201643946662327     
           2           3   1.0079318601731235     
           3           4   1.0071872383778584     
           4           5   1.0070058961947648     
           5           6   1.0023947147953849     
           6           7  0.97186850662944835     
           7           8  0.98682814763809401     
           8           9  0.98130969944950963     
           9          10  0.99954897718704561     
           9          11  0.97359578286728188     
          11          12   1.0113461564786774     
           1          13  0.98762941114746317     
           1          14  0.98742075440476806     
           1          15  0.98615607424701102     
           2          16  0.97826451184494390     
           2          17  0.97579404376127277     
           3          18  0.97694622366724904     
           3          19  0.97675552604073013     
           4          20  0.97711323795774818     
           4          21  0.97510631899614963     
           5          22  0.97343019254342966     
           5          23  0.97519606054364316     
           6          24  0.96780570901531537     
           6          25  0.96721348006393471     
           8          26  0.96619046376751672     
           8          27  0.96592084419241275     
           9          28  0.96202311279602049     
          10          29  0.88440947619477539     
          11          30  0.96513474759255802     
          11          31  0.97244338841450662     
          12          32  0.88471826126445763     
