           1           2   1.9761769559241027     
           2           3   1.0103613154080953     
           3           4  0.99410110559504605     
           4           5   1.4291101610338757     
           5           6   1.4203514160247910     
           6           7   1.4024995288909619     
           7           8   1.0773111339919046     
           7           9   1.2855332001769462     
           9          10   1.0261117899604477     
          10          11  0.98606763457070312     
           4          12   1.3815628764439929     
           9          12   1.4176017100514509     
           1          13  0.97534185052512290     
           1          14  0.97654097438107679     
           2          15  0.96721009331398944     
           3          16  0.96788610534163688     
           3          17  0.96053291209708824     
           5          18  0.96873494225930090     
           6          19  0.96710792071895946     
           8          20  0.87612823291172648     
          11          21  0.97696803140518096     
          11          22  0.97972315767681972     
          11          23  0.97689449174686516     
          12          24  0.96403881664870950     
