           1           2  0.99427248262252732     
           2           3  0.99175925701390000     
           3           4  0.99723474890980690     
           4           5   1.0080757293119027     
           5           6   1.0089599480535993     
           6           7   1.0088577350259746     
           3           8  0.99798040562025003     
           7           8   1.0084829912923843     
           1           9  0.90541286265602261     
           2          10  0.97026371416407842     
           2          11  0.97071539205245538     
           3          12  0.96522219807139509     
           4          13  0.97654624336924634     
           4          14  0.97678277823556114     
           5          15  0.97760232522635360     
           5          16  0.97762253220602335     
           6          17  0.97780980489798919     
           6          18  0.97761772677803438     
           7          19  0.97753363931811688     
           7          20  0.97757202928782938     
           8          21  0.97616677908301841     
           8          22  0.97525439307295703     
