   -0.05512178
   -0.05432471
   -0.05750700
   -0.02353498
   -0.02353504
   -0.05788752
   -0.05446036
   -0.05512178
   -0.05432469
   -0.05750702
   -0.05788752
   -0.05446038
    0.03014016
    0.02436930
    0.02489090
    0.02877752
    0.02387195
    0.03061964
    0.02802555
    0.02802546
    0.03275675
    0.02627833
    0.02456720
    0.02853918
    0.03014017
    0.02436925
    0.02489093
    0.02877751
    0.02387189
    0.03061960
    0.03275678
    0.02627839
    0.02853917
    0.02456714
