           1           2   1.0089810863733890     
           2           3   1.0076425652308569     
           3           4  0.99716333829291159     
           4           5  0.98136172362513763     
           5           6  0.99878578790916073     
           6           7   1.0071701319933786     
           7           8   1.0091163558823664     
           8           9   1.0089810949539904     
           5          10  0.99716332821378995     
           9          10   1.0076425589305535     
           4          11  0.99878579114971133     
           1          12   1.0091163490660957     
          11          12   1.0071701431173992     
           1          13  0.97769637076320282     
           1          14  0.97785642966032704     
           2          15  0.97767703349650259     
           2          16  0.97763637750962307     
           3          17  0.97654336544509868     
           3          18  0.97413129469137749     
           4          19  0.96463985907028515     
           5          20  0.96463988825845726     
           6          21  0.97485843249131843     
           6          22  0.97428537882899624     
           7          23  0.97779167580047499     
           7          24  0.97759095938083518     
           8          25  0.97769636207704924     
           8          26  0.97785643740283612     
           9          27  0.97767702248618715     
           9          28  0.97763637895720856     
          10          29  0.97654338412273045     
          10          30  0.97413127636660968     
          11          31  0.97485842663757660     
          11          32  0.97428534264851341     
          12          33  0.97759095529257145     
          12          34  0.97779169137519162     
