           1           2   1.0104451824685603     
           2           3  0.96961576020333784     
           3           4   1.2348785212804234     
           3           5  0.18717110278512772     
           4           5   1.7297574605302666     
           3           6   1.0516339858356814     
           6           7   1.3785622377095723     
           7           8   1.4500998678354318     
           6           9  0.10008095774686099     
           8           9   1.4349622380118312     
           7          10  0.10760258668908072     
           9          10   1.4330269048643896     
           6          11   1.3742518375536497     
           8          11  0.10782995694284324     
          10          11   1.4524756511808545     
           1          12  0.98470578168944423     
           1          13  0.98404884815913363     
           1          14  0.98462997827060261     
           2          15  0.96595529518324352     
           2          16  0.97365529179098298     
           4          17  0.92158812513919275     
           7          18  0.96492824635025609     
           8          19  0.97067560117082408     
           9          20  0.97110428112999136     
          10          21  0.97044031571238265     
          11          22  0.96627209148980531     
