           1           2  0.98600622829086026     
           2           3   1.0262778899543537     
           3           4   1.4111399536506435     
           4           5   1.4120034489882241     
           5           6   1.4530710031902698     
           6           7   1.4225429144094905     
           3           8   1.2892256372312745     
           7           8   1.4005344315965971     
           8           9   1.0801218016070848     
           1          10  0.97696324057996975     
           1          11  0.97696323653403372     
           1          12  0.97969186968331612     
           4          13  0.96607479766101256     
           5          14  0.97135994968844985     
           6          15  0.97090160287802307     
           7          16  0.96736173495573285     
           9          17  0.87552529449165539     
