           1           2   1.0152818195770763     
           2           3  0.97537211632398690     
           3           4  0.99749251071477441     
           4           5  0.97467829373033421     
           5           6  0.99878419034955723     
           5           7  0.98267102477797985     
           7           8  0.98308706176211136     
           8           9  0.97627947477449672     
           9          10   1.0156748509217595     
           1          11  0.98548169249274942     
           1          12  0.98606129670345233     
           1          13  0.98592470711893432     
           2          14  0.96837950718010479     
           2          15  0.96893271507680379     
           4          16  0.96343556948451414     
           4          17  0.96657092561485802     
           5          18  0.95664604079781834     
           6          19  0.88363064017322479     
           7          20  0.96568379715138519     
           7          21  0.96563503166434450     
           9          22  0.96852025353196269     
           9          23  0.96898590942452001     
          10          24  0.98613444646830084     
          10          25  0.98591287781077286     
          10          26  0.98535512908490397     
