           1           2   1.0133388690826868     
           2           3  0.92623822337768225     
           3           4   1.1623727547511666     
           3           5  0.17109353987817155     
           4           5   1.7279654434532925     
           4           6  0.92746725209466863     
           6           7   1.0161003597734017     
           6           8  0.95061577028894495     
           8           9   1.4191996180664765     
           9          10   1.4370642618981659     
           8          11  0.10825181877518048     
          10          11   1.4443895513795382     
           9          12  0.11004963750883102     
          11          12   1.4321957014129938     
           8          13   1.4050834369934986     
          10          13  0.11240919691840780     
          12          13   1.4514052499588095     
           1          14  0.98253440454057273     
           1          15  0.98494428358195807     
           1          16  0.98568385317759799     
           2          17  0.96924892159960330     
           2          18  0.97216042100020106     
           6          19  0.94430968230527534     
           7          20  0.87060526667100002     
           9          21  0.96592098009953897     
          10          22  0.97057985310800743     
          11          23  0.97115889773104969     
          12          24  0.97081189357347197     
          13          25  0.96825006358391608     
