           1           2   1.0187035883712230     
           2           3  0.93207798255439323     
           3           4   1.1533463136436284     
           3           5  0.17174100937501238     
           4           5   1.7135405700555419     
           4           6  0.98087864325215957     
           6           7  0.94900935779990259     
           7           8   1.0008735330096232     
           7           9  0.97314641147543945     
           9          10   1.0081674701134211     
          10          11   1.0095398751503095     
          11          12   1.0095538018880892     
           7          13  0.97924638662705998     
          12          13   1.0072355118253922     
           1          14  0.98494699338044001     
           1          15  0.98307981832454683     
           1          16  0.98553384661375787     
           2          17  0.96806789049927566     
           2          18  0.96828223309342309     
           6          19  0.97350885890685412     
           6          20  0.94660258559410604     
           8          21  0.86622960567316687     
           9          22  0.97643531417528129     
           9          23  0.97434640310239851     
          10          24  0.97728492663859956     
          10          25  0.97562074440733126     
          11          26  0.97749316652071627     
          11          27  0.97714625831440260     
          12          28  0.97702386572241773     
          12          29  0.97522445727326845     
          13          30  0.97667232782246349     
          13          31  0.97549209413442495     
