           1           2   1.0208734062781581     
           2           3  0.99863299798359584     
           3           4  0.96374175335478796     
           4           5   1.7411574794443210     
           4           6   1.1515495335447856     
           5           6  0.17510787917113074     
           6           7  0.89699005092039086     
           7           8  0.99473670540842174     
           7           9  0.99499670240159410     
           7          10  0.99558296794073475     
           1          11  0.98746643609495210     
           1          12  0.98709433827430049     
           1          13  0.98711698719580099     
           2          14  0.97791712178375112     
           2          15  0.97559787745343718     
           3          16  0.95123119575629367     
           3          17  0.97288247471566680     
           8          18  0.98525918456811090     
           8          19  0.98391842031780097     
           8          20  0.98014784800332788     
           9          21  0.98004666982401034     
           9          22  0.98386356742815795     
           9          23  0.98526597989805276     
          10          24  0.98425392172215098     
          10          25  0.98447404252287141     
          10          26  0.98452255590261295     
