   -0.42897675
    0.34184870
   -0.26187091
    0.11486757
   -0.06229867
   -0.05995913
   -0.06142853
   -0.06001785
   -0.06485354
    0.12036290
   -0.44626464
   -0.06695409
   -0.05927674
   -0.06084569
   -0.06588207
    0.05074964
    0.04252508
    0.04378140
    0.03893506
    0.03909047
    0.03664015
    0.03842928
    0.03919888
    0.03762112
    0.05034924
    0.04145158
    0.31027770
    0.05650380
    0.03635909
    0.03643723
    0.04621271
    0.04161802
    0.03906823
    0.03244054
    0.06386020
