           1           2   1.7140340245480707     
           1           3  0.17124439242096509     
           2           3   1.1699470978635977     
           3           4  0.91007003044118717     
           4           5  0.98890345725129636     
           5           6   1.0060535048540933     
           6           7   1.0092871034876352     
           7           8   1.0092898759079940     
           4           9  0.99402160345419133     
           8           9   1.0059110889573648     
           2          10  0.93784394660260939     
          10          11   1.0049908284380578     
          10          12  0.95057571886776360     
          12          13   1.0066133269757140     
          13          14   1.0074257857611153     
          10          15  0.95140282139525867     
          14          15   1.0084523634050142     
           4          16  0.95950936832984879     
           5          17  0.97568623299498247     
           5          18  0.97543848457866056     
           6          19  0.97706647362991195     
           6          20  0.97652885419492452     
           7          21  0.97687899604690942     
           7          22  0.97709184363449353     
           8          23  0.97675025614677102     
           8          24  0.97715922536214239     
           9          25  0.97446124779886434     
           9          26  0.97597674890187935     
          11          27  0.86550894024527358     
          12          28  0.97682427251172943     
          12          29  0.97869792279918300     
          13          30  0.97871615307861726     
          13          31  0.97920592465086165     
          14          32  0.97851948880315975     
          14          33  0.97769863781402799     
          15          34  0.97918283308497633     
          15          35  0.97356257459786921     
