           1           2   1.0060704293664142     
           2           3  0.97287268094801171     
           3           4   1.0184648977781294     
           4           5   1.4063896136794842     
           5           6   1.4413298130480343     
           4           7  0.10579471389873837     
           6           7   1.4356142783597241     
           5           8  0.10752243081170405     
           7           8   1.4370013901221126     
           4           9   1.3730810237516298     
           6           9  0.10047170132138430     
           8           9   1.4130654418223452     
           9          10  0.96534008326014931     
           1          11  0.89762109636584730     
           2          12  0.96997245598944526     
           2          13  0.97150855582171736     
           3          14  0.96611776986337095     
           3          15  0.97207386364721637     
           5          16  0.96654145875464614     
           6          17  0.97008947487772790     
           7          18  0.96957110480624498     
           8          19  0.96749214778046844     
