           1           2   2.9015493677292303     
           2           3   1.0191873764203423     
           3           4  0.89030239036987147     
           4           5   1.1386459177542454     
           5           6  0.97908914029669913     
           4           7  0.17376689456806482     
           5           7   1.7569454474424426     
           3           8  0.96506795435696446     
           8           9   1.0074809940058658     
           9          10   1.0090981320534651     
          10          11   1.0092933426292146     
           3          12  0.96385330890623877     
          11          12   1.0067688489943170     
           1          13  0.96925637943856757     
           6          14  0.96777138383379557     
           6          15  0.96469755867561424     
           6          16  0.98364153839892476     
           8          17  0.97578401479884380     
           8          18  0.97298323608137172     
           9          19  0.97644734966559277     
           9          20  0.97575660918968421     
          10          21  0.97702060554922388     
          10          22  0.97705001939885672     
          11          23  0.97625081940442737     
          11          24  0.97574247584978657     
          12          25  0.97234824330630809     
          12          26  0.97408242251393995     
