           1           2  0.99435921741549116     
           2           3   1.2595854455515743     
           3           4   1.5761625044492933     
           4           5   1.2660218765676188     
           3           6  0.11396241802973808     
           5           6   1.6390387559254262     
           2           7   1.0812072149220837     
           6           7   1.1382928130807035     
           2           8  0.15195966076774159     
           7           8   1.6317742587389339     
           1           9  0.97519781393252236     
           1          10  0.96857105386453224     
           1          11  0.97519781730004307     
           3          12  0.96252568737738087     
           4          13  0.96975053220598173     
           5          14  0.96867192801605972     
           6          15  0.96664856866267235     
