   -0.11419544
    0.07952587
   -0.27455326
    0.35857583
   -0.41124951
   -0.09179484
   -0.05808821
   -0.05602927
   -0.08395933
    0.26371929
   -0.44792411
   -0.10878384
   -0.00108454
   -0.11194293
    0.00276238
   -0.11006088
    0.05187966
    0.06023195
    0.04935604
    0.05472349
    0.05620212
    0.06820088
    0.06778271
    0.04546053
    0.04528812
    0.05072816
    0.04723423
    0.04479803
    0.04607553
    0.04768876
    0.04966293
    0.04505575
    0.04587349
    0.04376335
    0.07333137
    0.03833994
    0.03589493
    0.05301445
    0.04449635
