           1           2   1.0127378360011561     
           2           3  0.93860597101856569     
           3           4   1.1278746249670542     
           3           5  0.17020434661194639     
           4           5   1.7556039057548456     
           4           6  0.97246455557497402     
           6           7   1.0073011252732613     
           7           8   1.0078227278865992     
           8           9   1.0073618757370486     
           9          10  0.96646725548494516     
          10          11   1.6730902769476730     
          10          12   1.2397818060218579     
          11          12  0.19138630082424379     
          12          13  0.99435402415029706     
          13          14   1.0056398477768842     
          12          15  0.98172478100841865     
          15          16   1.0094050970446535     
           1          17  0.98632001949147974     
           1          18  0.98482664064851311     
           1          19  0.98372941088740307     
           2          20  0.97262751045672768     
           2          21  0.96928576566364433     
           6          22  0.95338327880128759     
           6          23  0.95399106197346339     
           7          24  0.97600252318999958     
           7          25  0.97600030869814480     
           8          26  0.97545215918867934     
           8          27  0.97597586737402331     
           9          28  0.95677681559389405     
           9          29  0.96150879726395788     
          13          30  0.96751555673859346     
          13          31  0.97019971023272911     
          14          32  0.98560755337161277     
          14          33  0.98484881605029118     
          14          34  0.98477018109717018     
          15          35  0.96611204668881856     
          15          36  0.97196627595159901     
          16          37  0.98589730409030452     
          16          38  0.98661438730592943     
          16          39  0.98465378677272875     
