           1           2   1.0174224954130175     
           2           3  0.96452233782681851     
           3           4   1.7062198989819766     
           3           5   1.1913741792252921     
           4           5  0.16938992195117225     
           5           6   1.0369870540642052     
           6           7   1.3770449552387811     
           7           8   1.4564097479038098     
           8           9   1.4231774641601715     
           7          10  0.10758125845958597     
           9          10   1.4481974012053598     
           6          11   1.3624462096793963     
           8          11  0.10365938387997063     
          10          11   1.4132390193996764     
          11          12   1.0098318508474089     
          12          13   1.0088292157327001     
           5          14  0.97131961252260646     
          13          14  0.98585875646551724     
          14          15   1.0011735381818392     
           1          16  0.98764124876401516     
           1          17  0.98555368975069757     
           1          18  0.98749020702634971     
           2          19  0.96566544566699486     
           2          20  0.95763683623641205     
           7          21  0.96551041825257655     
           8          22  0.97080315208343781     
           9          23  0.97107350736590559     
          10          24  0.96966918992547224     
          12          25  0.96186065469863735     
          12          26  0.96579854148845223     
          13          27  0.97749719429604487     
          13          28  0.97601703332073286     
          14          29  0.95924765816733071     
          15          30  0.98291289389348280     
          15          31  0.98613190177257426     
          15          32  0.98439467618327037     
