           1           2   1.0092486091381636     
           2           3   1.8916295028158721     
           2           4  0.95568106600756264     
           4           5  0.95629279139794410     
           5           6   1.1339743715550168     
           5           7  0.16185897595495047     
           6           7   1.7284058657588914     
           6           8  0.94174747875287335     
           8           9  0.99937032231807921     
           8          10  0.96314886797382726     
          10          11   1.0071179759527822     
          11          12   1.0094962563789083     
          12          13   1.0094653539570078     
           8          14  0.94374650808486948     
          13          14   1.0061021279551798     
           1          15  0.97758611531589812     
           1          16  0.94601636134595568     
           1          17  0.97186506206364898     
           4          18  0.95513790960157885     
           4          19  0.94911950525670596     
           9          20  0.87230318680475971     
          10          21  0.97637434933292622     
          10          22  0.97441174560153443     
          11          23  0.97615152205888867     
          11          24  0.97503807815913990     
          12          25  0.97734747343598483     
          12          26  0.97698356964353017     
          13          27  0.97508385664971553     
          13          28  0.97497552131812804     
          14          29  0.97557988959405295     
          14          30  0.97477480146911277     
