           1           2   1.0129979957634723     
           2           3  0.93477584692037252     
           3           4   1.1316515256242083     
           3           5  0.17298462965539640     
           4           5   1.7571723249728128     
           4           6  0.94614758947219846     
           6           7  0.98460061185877967     
           7           8   1.0203586623563661     
           6           9  0.94139375874015330     
           9          10   1.0072432446202981     
           9          11   1.8829783389554435     
           1          12  0.98607338933705824     
           1          13  0.98459895543306764     
           1          14  0.98315319262259249     
           2          15  0.96945474534671294     
           2          16  0.97249314821915012     
           6          17  0.93546070860125086     
           7          18  0.97442576453508933     
           7          19  0.97204374855437758     
           8          20  0.98611681669481488     
           8          21  0.98714392560629827     
           8          22  0.98702164248945412     
          10          23  0.97881813399522344     
          10          24  0.97168123283823371     
          10          25  0.94915592832419682     
