           1           2   1.0503634875807233     
           2           3   1.8628822863450809     
           3           4   1.0257927254332404     
           4           5   1.6609188887972559     
           4           6   1.1734229079298586     
           5           6  0.16694123548033704     
           6           7  0.98815343661760557     
           6           8   1.0563558704324230     
           8           9   1.3705020907491958     
           9          10   1.4539843499261271     
           8          11  0.10020132604090769     
          10          11   1.4310877889514326     
           9          12  0.10717550642943013     
          11          12   1.4348318178130446     
           8          13   1.3780661689592335     
          10          13  0.10672739328114297     
          12          13   1.4507531906068012     
           1          14  0.98470919282818903     
           1          15  0.96350524398566451     
           1          16  0.96518453428626660     
           2          17  0.96165625402644705     
           3          18  0.95991411508495839     
           7          19  0.97037223805999240     
           7          20  0.98269263977586341     
           7          21  0.97474424089665956     
           9          22  0.96604803020868268     
          10          23  0.97054278516638559     
          11          24  0.97134563602650548     
          12          25  0.97075534200267444     
          13          26  0.96794583550532320     
