           1           2   1.0190301358728915     
           2           3  0.94346380844993372     
           3           4   1.1164995051894568     
           3           5  0.15266109863581853     
           4           5   1.6481641254855566     
           4           6   1.0586641381988748     
           6           7   1.3626120446268346     
           7           8   1.4843812137017263     
           8           9   1.3748054546417912     
           7          10  0.10546151488371165     
           9          10   1.5032142204487160     
           6          11   1.2687468640046895     
          10          11   1.3019254322396785     
          11          12   1.2582831218084172     
           1          13  0.98556837468757141     
           1          14  0.98426802774362465     
           1          15  0.98557883640047872     
           2          16  0.96848156401353314     
           2          17  0.96840404475807240     
           7          18  0.96626025523688486     
           8          19  0.97117899142719177     
           9          20  0.97093723209009508     
          10          21  0.96764253864463268     
          12          22  0.95137500163044986     
          12          23  0.90715940287425201     
