           1           2   1.0304208161198385     
           2           3   1.4196611060369275     
           3           4   1.4342343579907042     
           4           5   1.4125601733289868     
           5           6  0.97247554524389168     
           3           7  0.10368223026327340     
           5           7   1.4096286126890538     
           2           8   1.3684665574565260     
           4           8  0.10451113920992318     
           7           8   1.4191750231299494     
           8           9   1.0296378963791089     
           1          10  0.98510522019137048     
           1          11  0.96873666383615009     
           1          12  0.96873594226111193     
           3          13  0.96646084232309537     
           4          14  0.96862519291869931     
           7          15  0.96608511281588128     
           9          16  0.98496336630564962     
           9          17  0.96836811334495820     
           9          18  0.96836750835162322     
