           1           2   1.0194937213679558     
           2           3   1.0073990498831638     
           3           4  0.98294848127298329     
           4           5  0.97541401274141537     
           5           6  0.98112675026654905     
           6           7  0.99917103080917669     
           7           8  0.99919819718386038     
           4           9  0.97370933811873317     
           8           9  0.98025954490924594     
           1          10  0.98767526269840966     
           1          11  0.98712625222273420     
           1          12  0.98766457745024949     
           2          13  0.97816549448584078     
           2          14  0.97694455874960850     
           3          15  0.97294988897652090     
           3          16  0.97387965597246562     
           4          17  0.94153346884742728     
           6          18  0.97135703532580475     
           6          19  0.96615164066096026     
           7          20  0.97638294287618610     
           7          21  0.97645574035280247     
           8          22  0.96628073746401277     
           8          23  0.97127582138525503     
