   -0.10203620
   -0.05347642
   -0.05873268
   -0.05853504
   -0.05861697
   -0.05886446
   -0.05755770
   -0.05520933
   -0.08761661
    0.24180604
   -0.14093910
   -0.35452213
    0.03205421
    0.03213409
    0.03229162
    0.03080544
    0.02983852
    0.02939208
    0.02933440
    0.03036356
    0.02777017
    0.02799587
    0.03309138
    0.02700295
    0.03322571
    0.03832138
    0.02517136
    0.03114428
    0.05293820
    0.05958193
    0.05047331
    0.06751230
    0.05713681
    0.06672103
