           1           2   1.0189798368986316     
           2           3   1.0088573833516425     
           3           4   1.0063500124278255     
           4           5   1.0078728507017318     
           5           6   1.0067367815291628     
           6           7   1.0070376338061273     
           7           8   1.0079346445883688     
           8           9   1.0044542260063909     
           9          10  0.98723092543380586     
          10          11   1.0002286414744233     
          10          12   1.8714539847791243     
           1          13  0.98791087327505278     
           1          14  0.98812775696444877     
           1          15  0.98764358170283495     
           2          16  0.97685833396748245     
           2          17  0.97830238966690164     
           3          18  0.97743490031689462     
           3          19  0.97710042918115181     
           4          20  0.97723155489601998     
           4          21  0.97726952822470414     
           5          22  0.97743223206351626     
           5          23  0.97557649507105859     
           6          24  0.97738056164620268     
           6          25  0.97737518984079197     
           7          26  0.97680103038138144     
           7          27  0.97746168386873467     
           8          28  0.97735225763522804     
           8          29  0.97430855874332245     
           9          30  0.94418773729757444     
           9          31  0.96374056838323596     
          11          32  0.95672473780598555     
          11          33  0.97219164153844706     
          11          34  0.98199091691097329     
