           1           2   1.7442040765682307     
           2           3  0.93421120519045608     
           3           4   1.0124615405074864     
           4           5   1.2149475676098747     
           5           6   1.5562649809584121     
           6           7   1.3259767434796776     
           4           8   1.2129551499572699     
           5           8  0.13409080959476671     
           7           8   1.5574204478578708     
           1           9  0.18352155624305244     
           2           9   1.1743655588560127     
           9          10  0.91454995939339345     
          10          11  0.98620881696141138     
          11          12   1.0080225064827295     
          12          13   1.0079306609493659     
          10          14  0.98880261127951385     
          13          14   1.0041413387480194     
           3          15  0.94811480858305430     
           3          16  0.95848705125540767     
           5          17  0.97038247769373265     
           6          18  0.97513186740289393     
           7          19  0.97513255586034542     
           8          20  0.97090123924729022     
          10          21  0.96461179916906992     
          11          22  0.97661250704752667     
          11          23  0.97615012657126321     
          12          24  0.97877586496758395     
          12          25  0.97837480137032629     
          13          26  0.98083821619501199     
          13          27  0.98009775732942017     
          14          28  0.97548915860405760     
          14          29  0.98066679076938090     
