           1           2  0.98760553740180390     
           2           3   1.0350247496719485     
           3           4   2.8164510305464798     
           4           5   1.0071318284665616     
           5           6  0.96755906997887642     
           5           7  0.96531036671275827     
           7           8   1.0069086230213851     
           8           9   1.0093943278500863     
           9          10   1.0093022975846626     
           5          11  0.95884185540016165     
          10          11   1.0072678857949040     
           1          12  0.90329363743219004     
           2          13  0.95342946561794273     
           2          14  0.95034185390990711     
           6          15  0.90201071704692837     
           7          16  0.97648072300474764     
           7          17  0.97566234151982079     
           8          18  0.97657788987798844     
           8          19  0.97568925538746110     
           9          20  0.97720397963672090     
           9          21  0.97754841393368819     
          10          22  0.97668309141932252     
          10          23  0.97599363691290320     
          11          24  0.97580016181139539     
          11          25  0.97578912329169576     
