           1           2   1.0200539424111668     
           2           3   1.0070120222181003     
           3           4   1.0078941506406189     
           4           5   1.0066033356206492     
           5           6   1.0066889259565202     
           6           7   1.0053586265431058     
           7           8  0.99767482279901432     
           8           9  0.93982461699511366     
           9          10   1.1310187003484340     
          10          11  0.98539768981674147     
           9          12  0.17206112673169949     
          10          12   1.7568567577929031     
           1          13  0.98640005693848254     
           1          14  0.98769988922402474     
           1          15  0.98757058942529496     
           2          16  0.97823646692383637     
           2          17  0.97859928527713669     
           3          18  0.97733117387791713     
           3          19  0.97739210357585882     
           4          20  0.97717736429228741     
           4          21  0.97579249872217944     
           5          22  0.97710601816502263     
           5          23  0.97747381600472605     
           6          24  0.97698794127744348     
           6          25  0.97726970957029136     
           7          26  0.97652351902980539     
           7          27  0.97506745223025515     
           8          28  0.96845618217036933     
           8          29  0.97168978709975529     
          11          30  0.98344453316603220     
          11          31  0.96608003850501967     
          11          32  0.96384215821169117     
