           1           2   1.9325456635907214     
           2           3   1.0101706691564194     
           3           4   1.0016871321912186     
           2           5   1.0105636007205467     
           5           6  0.98835737415374880     
           6           7   1.0064239313756698     
           7           8   1.0071668285172153     
           8           9   1.0189867980915051     
           1          10  0.97603774906935081     
           1          11  0.97601908636085422     
           3          12  0.97054009123579355     
           3          13  0.97551158596529541     
           4          14  0.98875647703932801     
           4          15  0.98661811027919999     
           4          16  0.98679266047631753     
           5          17  0.97417721776044885     
           5          18  0.96953807273733250     
           6          19  0.97826232257846979     
           6          20  0.97629919045591873     
           7          21  0.97738329321464745     
           7          22  0.97740756651072669     
           8          23  0.97859608775216822     
           8          24  0.97868369492114549     
           9          25  0.98800126173090508     
           9          26  0.98748523995416915     
           9          27  0.98798761474892505     
