           1           2   1.0185862854309879     
           2           3  0.98796202531992494     
           3           4   1.0080475360853676     
           3           5  0.91302653168004000     
           5           6   1.1488714301518013     
           5           7  0.17520383780954776     
           6           7   1.7439911554298844     
           6           8  0.97096162950515530     
           8           9   1.0041571397891937     
           9          10  0.98559452205637166     
          10          11  0.99732693128099070     
           1          12  0.98610828034361231     
           1          13  0.98616762774999789     
           1          14  0.98699039665118027     
           2          15  0.97652841728278261     
           2          16  0.97534705951745782     
           3          17  0.95991623187463415     
           4          18  0.98447501587715647     
           4          19  0.98431139219189245     
           4          20  0.98136935915944756     
           8          21  0.95301272794307346     
           8          22  0.95223262342311754     
           9          23  0.96680628565890836     
           9          24  0.96677814918409233     
          11          25  0.97688974694033204     
          11          26  0.97687655396080308     
          11          27  0.97999420487947408     
