           1           2   1.0200314940945490     
           2           3   1.0074347729245781     
           3           4  0.97206350838125843     
           4           5   1.7638100262985648     
           4           6   1.1191816217385768     
           5           6  0.16974274818585491     
           6           7  0.94090392533998546     
           7           8  0.99474038906853457     
           8           9   1.0074922471620225     
           8          10   1.0042686449919065     
          10          11  0.94862319008213991     
           1          12  0.98679720188040987     
           1          13  0.98752951119815513     
           1          14  0.98760642190727843     
           2          15  0.97717353057422485     
           2          16  0.97686188137954955     
           3          17  0.95373374436766567     
           3          18  0.95481642636821173     
           7          19  0.96715523944700987     
           7          20  0.96438335253885954     
           8          21  0.95728097619477315     
           9          22  0.98493068713568444     
           9          23  0.98313095563266928     
           9          24  0.98545702856198469     
          10          25  0.97837562397759159     
          10          26  0.97686469752635752     
