   -0.10378287
   -0.05390537
   -0.06733507
    0.07267171
   -0.25805048
    0.36195801
   -0.41142524
   -0.09924490
    0.09457482
   -0.43451571
    0.34528148
   -0.41510775
   -0.25484153
    0.07414139
   -0.06488545
   -0.05415412
   -0.10510535
    0.03743941
    0.03763999
    0.03227408
    0.03812097
    0.03521464
    0.04457648
    0.05853601
    0.05765966
    0.05767453
    0.07296606
    0.09747359
    0.07330805
    0.31703481
    0.06043239
    0.06256887
    0.04538433
    0.05128090
    0.03105473
    0.04913060
    0.04061343
    0.03810628
    0.03523663
