           1           2   1.0194432951481531     
           2           3   1.0085598209674276     
           3           4  0.99890713843961065     
           4           5  0.93426229061126909     
           5           6   1.1484961047444902     
           5           7  0.17450558950582040     
           6           7   1.7455793119533927     
           6           8  0.96817646307139960     
           8           9  0.97190901879595759     
           9          10   1.0150013886761797     
           9          11  0.94252340325099804     
          11          12   1.7252255925679805     
          11          13   1.1715770214028365     
          12          13  0.17484751823564443     
          13          14  0.92356189077133555     
          14          15  0.99845014138252819     
          15          16   1.0077355540304795     
          16          17   1.0194237014358316     
           1          18  0.98717811965357660     
           1          19  0.98745742480436760     
           1          20  0.98423924576797628     
           2          21  0.97703337921537348     
           2          22  0.97762782865285047     
           3          23  0.97333934743197237     
           3          24  0.97190816193005458     
           4          25  0.96827999183972868     
           4          26  0.97064790622561492     
           8          27  0.97029439483159163     
           8          28  0.94271003616381233     
           9          29  0.92677761213649934     
          10          30  0.86468721489887912     
          14          31  0.96816914851863234     
          14          32  0.96677625069641571     
          15          33  0.97308477428321960     
          15          34  0.97447398792458850     
          16          35  0.97624572302633095     
          16          36  0.97551813102699991     
          17          37  0.98686021363185228     
          17          38  0.98760899842973493     
          17          39  0.98777127036158641     
