           1           2   1.0057903536862614     
           2           3  0.99103681401619914     
           3           4  0.98267559067196741     
           4           5   1.0092635960078207     
           3           6   1.2524242775440306     
           3           7  0.19100444893177360     
           6           7   1.6591490572801200     
           6           8  0.96660113222061339     
           8           9   1.0100537841030888     
           9          10  0.98301248681369424     
          10          11  0.98159452936071645     
          11          12   1.7348650908082643     
          11          13   1.1319915988879059     
          12          13  0.16942226747990835     
          13          14  0.95835053003301107     
           1          15  0.98481672246569274     
           1          16  0.98599611327119485     
           1          17  0.97894101592071581     
           2          18  0.97044637388226773     
           2          19  0.96937807480705884     
           4          20  0.96607101782313198     
           4          21  0.97157662790472199     
           5          22  0.98582797199191075     
           5          23  0.98480711563734979     
           5          24  0.98680834619575153     
           8          25  0.95642022669966331     
           8          26  0.95588441737870578     
           9          27  0.97898206483839234     
           9          28  0.97080880755535504     
          10          29  0.97473829410076063     
          10          30  0.94954537289059526     
          14          31  0.97728950030906736     
          14          32  0.97718973469080250     
          14          33  0.98201529700515267     
