   -0.10814284
   -0.00366435
   -0.05759205
   -0.05317341
   -0.05846723
   -0.03133977
    0.01824284
   -0.10861872
   -0.09355741
    0.21867865
   -0.33460958
   -0.01819924
   -0.10763244
   -0.05918155
   -0.06058655
    0.01687078
   -0.10258245
    0.03743266
    0.04298489
    0.04078925
    0.02156059
    0.03266917
    0.03290487
    0.02397436
    0.03781678
    0.03417922
    0.04186423
    0.03988203
    0.03851452
    0.06423728
    0.06593835
    0.01254313
    0.02557236
    0.04218276
    0.03494077
    0.03749332
    0.03052200
    0.03498552
    0.03534208
    0.02680784
    0.04032705
    0.03518646
    0.03290383
