           1           2   1.0226811294747462     
           2           3   1.8883351701252722     
           3           4   1.0241902933357825     
           4           5   1.0042806188216618     
           5           6  0.99811776425676024     
           6           7  0.97097355659628104     
           7           8   1.0016170958148090     
           7           9  0.95914883389258898     
           9          10   1.0161823869287854     
          10          11   1.9100120619564314     
           7          12  0.97015027981714586     
          12          13   1.0081248267040877     
          12          14  0.99844126850221737     
          14          15   1.0075506495710198     
           2          16  0.97725829227297811     
           6          16  0.96878912774390558     
          15          16  0.98283031726033654     
          16          17  0.98535039358163234     
           1          18  0.98355059918560228     
           1          19  0.97024747509512987     
           1          20  0.97249864266717423     
           3          21  0.96415628264584408     
           4          22  0.96050643914711598     
           4          23  0.96641873053937233     
           5          24  0.96621915466383523     
           5          25  0.97102926195032424     
           6          26  0.95774454946015330     
           8          27  0.97225178014513469     
           8          28  0.98242116047292627     
           8          29  0.98155767706912866     
           9          30  0.96648784458193027     
           9          31  0.92894993620351007     
          10          32  0.92542200794359208     
          12          33  0.95749437674352111     
          13          34  0.98303232340048641     
          13          35  0.98518728811029299     
          13          36  0.98509259130958737     
          14          37  0.97431233201575029     
          14          38  0.97067687741665809     
          15          39  0.97354801452114836     
          15          40  0.97532401636297017     
          17          41  0.97224657959669492     
          17          42  0.98161045877365871     
          17          43  0.98192496951998609     
