           1           2   1.0214203901273451     
           2           3   1.0225059632211519     
           2           4   1.8832145931733455     
           4           5   1.0245418580080410     
           5           6  0.99245017438846994     
           6           7  0.99676834161488770     
           7           8   1.0082693174235491     
           7           9  0.98033838978786403     
           9          10   1.0159063690469490     
          10          11   1.9188621584459733     
           1          12  0.97240825454995883     
           1          13  0.97454126346626313     
           1          14  0.98524965030964873     
           3          15  0.97009143139343013     
           3          16  0.97680550588728332     
           3          17  0.97878033416950194     
           4          18  0.96338592591050309     
           5          19  0.96684373055085948     
           5          20  0.96252436542817144     
           6          21  0.97642986678355359     
           6          22  0.97467392572807043     
           7          23  0.96365518906129766     
           8          24  0.98391707528459027     
           8          25  0.98598344819354111     
           8          26  0.98620785094370311     
           9          27  0.96896046439259420     
           9          28  0.92821529162910932     
          10          29  0.92917723012023967     
