           1           2  0.95096543871026007     
           2           3   1.1499328930376209     
           2           4  0.17825467961087260     
           3           4   1.7592715616809851     
           3           5  0.94302372638724263     
           5           6  0.94282657403561787     
           6           7   1.7584337276859725     
           6           8   1.1507548207518541     
           7           8  0.17866916018011159     
           8           9  0.95069297381547380     
           1          10  0.98103217305610446     
           1          11  0.97669199314288646     
           1          12  0.97681367109827799     
           5          13  0.96009923840668288     
           5          14  0.96044057038736452     
           9          15  0.98084699229349681     
           9          16  0.97665046198665761     
           9          17  0.97621768896179950     
