           1           2  0.96009582302431273     
           2           3   1.0179592183044550     
           3           4  0.99884139274712902     
           4           5   1.0078212329320635     
           5           6   1.0065724720961313     
           6           7   1.0068230528409989     
           7           8   1.0065753323871069     
           8           9   1.0052460679518700     
           9          10  0.99903653947355286     
          10          11   1.0175307037028831     
          11          12  0.96007529868059183     
           2          13  0.97848154233897389     
           2          14  0.97759489163049884     
           3          15  0.97578888639522487     
           3          16  0.97599792736104773     
           4          17  0.97692743874228571     
           4          18  0.97460828951268497     
           5          19  0.97700566742292727     
           5          20  0.97632990633177741     
           6          21  0.97738589018948385     
           6          22  0.97712894683197393     
           7          23  0.97732372641557963     
           7          24  0.97735818757199711     
           8          25  0.97719905779990013     
           8          26  0.97721096446250810     
           9          27  0.97717893986171145     
           9          28  0.97717819986870302     
          10          29  0.97611490111782095     
          10          30  0.97610998373286806     
          11          31  0.97886840088389704     
          11          32  0.97886467791866028     
