   -0.10381082
   -0.05489533
   -0.06369763
   -0.06347341
   -0.06639897
    0.07856955
   -0.25918362
    0.34628799
   -0.41897087
    0.08955149
   -0.43196120
   -0.00003904
   -0.03877236
   -0.02822015
   -0.03073071
   -0.02823454
   -0.02869459
    0.03473036
    0.03541144
    0.03445587
    0.03146756
    0.03208773
    0.03226969
    0.03795022
    0.04239367
    0.03661867
    0.04976143
    0.05347626
    0.05544103
    0.05907940
    0.06052077
    0.31354425
    0.03642029
    0.03436035
    0.03450875
    0.03681347
    0.05136302
