           1           2   1.0190683714966000     
           2           3   1.0088482196578870     
           3           4   1.0070750311521519     
           4           5   1.0050516302293508     
           5           6   1.0042179145549985     
           6           7  0.92264002650316956     
           7           8   1.1685155956458217     
           7           9  0.17312526110109752     
           8           9   1.7231645572857044     
           8          10  0.92659124225518408     
          10          11   1.0162305143100958     
          10          12  0.95200399689095960     
          12          13   1.4053922117296411     
          13          14   1.4513152168681045     
          12          15  0.10832741345421984     
          14          15   1.4322257080278717     
          13          16  0.11244074563178851     
          15          16   1.4444746455164559     
          12          17   1.4195193693779202     
          14          17  0.11009475364632569     
          16          17   1.4370095575138702     
           1          18  0.98773490154359977     
           1          19  0.98737645775298999     
           1          20  0.98794215145454878     
           2          21  0.97667148762745193     
           2          22  0.97825819180484486     
           3          23  0.97629884520324939     
           3          24  0.97597606001253101     
           4          25  0.97623643863324672     
           4          26  0.97705888352619197     
           5          27  0.97455702839097669     
           5          28  0.97390652174339121     
           6          29  0.96635234684100868     
           6          30  0.96803748679436163     
          10          31  0.94361204863217674     
          11          32  0.86946358880965346     
          13          33  0.96829991870512289     
          14          34  0.97083463802994419     
          15          35  0.97117452974541574     
          16          36  0.97060005107265268     
          17          37  0.96595960047254870     
