           1           2   1.0083874152322396     
           2           3  0.99764337677167314     
           3           4   1.0078583260943612     
           4           5  0.99392504415890526     
           5           6  0.98322133737144901     
           5           7  0.98888611377339786     
           2           8  0.99770588967986340     
           7           8   1.0071582131230503     
           1           9  0.98651074908319236     
           1          10  0.98677104771838398     
           1          11  0.98647064817776409     
           2          12  0.96798090204359033     
           3          13  0.97622094220854017     
           3          14  0.97648111881407529     
           4          15  0.97545613350386440     
           4          16  0.97511057802475554     
           5          17  0.96099803982198340     
           6          18  0.90274607402075802     
           7          19  0.97602176775455185     
           7          20  0.97583273940397608     
           8          21  0.97655121684243451     
           8          22  0.97632105225229027     
