           1           2   1.9876858241947593     
           2           3   1.0136009636051047     
           3           4  0.96545388457348091     
           4           5   1.0611550805440439     
           5           6   1.3469997937533829     
           6           7   1.4717785931321388     
           7           8   1.4173783284511345     
           6           9  0.11061896334735140     
           8           9   1.4493143679775384     
           5          10   1.3781212914171199     
           7          10  0.10377540736789000     
           9          10   1.4344646009553663     
           1          11  0.97594676733482300     
           1          12  0.97457997196416024     
           2          13  0.96366188059131130     
           3          14  0.96400747267251341     
           3          15  0.95105983097931712     
           6          16  0.96861514386944192     
           7          17  0.97075590288181268     
           8          18  0.97155227477213546     
           9          19  0.97142973505618357     
          10          20  0.96670783752456213     
