           1           2   1.0194584345795623     
           2           3   1.0088487435206295     
           3           4   1.0041099063791594     
           4           5  0.98574090361654609     
           5           6   1.8695179779183984     
           5           7  0.98570818151036976     
           7           8   1.0041135453902512     
           8           9   1.0088467731322734     
           9          10   1.0194592792225876     
           1          11  0.98776896671907766     
           1          12  0.98793121129062067     
           1          13  0.98745015188057950     
           2          14  0.97795467634452982     
           2          15  0.97856563922867501     
           3          16  0.97404202310944976     
           3          17  0.97735260398707779     
           4          18  0.96498271731546492     
           4          19  0.94426346191663368     
           7          20  0.96498847707504409     
           7          21  0.94427292663624618     
           8          22  0.97735190619486634     
           8          23  0.97404321352747458     
           9          24  0.97856515630842023     
           9          25  0.97795516373752489     
          10          26  0.98745034410371635     
          10          27  0.98793159912325179     
          10          28  0.98776875077499970     
