           1           2  0.98965626917601668     
           2           3  0.98965627089671737     
           2           4  0.99524712852183406     
           2           5  0.97413513358419856     
           1           6  0.98521578497882933     
           1           7  0.98555188239138569     
           1           8  0.98599664124522968     
           3           9  0.98599664086043237     
           3          10  0.98555188174367137     
           3          11  0.98521578595427139     
           4          12  0.98472780583151021     
           4          13  0.98472780429847728     
           4          14  0.98657451433089793     
           5          15  0.90227156630374294     
