           1           2  0.99783288834024397     
           2           3   1.8728614696122072     
           2           4  0.98801797221368881     
           4           5  0.98952735998061836     
           5           6   1.0217297905951532     
           6           7   1.8842983100388662     
           7           8   1.0215750785807651     
           7           9   1.0238946743394186     
           1          10  0.96390807258360722     
           1          11  0.98356755281572994     
           1          12  0.96531098821185823     
           4          13  0.95228534438198964     
           4          14  0.95340615286616959     
           5          15  0.96911316790982860     
           5          16  0.96913921960282146     
           6          17  0.96506912638668496     
           8          18  0.98535917749675783     
           8          19  0.97357506943429895     
           8          20  0.97345840572880893     
           9          21  0.98030734883832304     
           9          22  0.97446940169178586     
           9          23  0.97114603359334750     
