           1           2   1.8748986574318438     
           2           3  0.97406524340790135     
           3           4   1.7346245718207445     
           3           5   1.1458874998358641     
           4           5  0.17958846648873472     
           5           6  0.93461491102784400     
           6           7   1.0118243124749426     
           2           8  0.97398270097733075     
           8           9   1.7328158292198055     
           8          10   1.1482735267808732     
           9          10  0.18047839395113463     
          10          11  0.93272408571377974     
          11          12   1.0197929139438857     
           1          13  0.96928065590407442     
           1          14  0.96934700276975039     
           6          15  0.96874972046917252     
           6          16  0.97188091069243132     
           7          17  0.98325163087356338     
           7          18  0.98603764178961173     
           7          19  0.98462902211501635     
          11          20  0.96804741916862613     
          11          21  0.96796569986167835     
          12          22  0.98503361026928205     
          12          23  0.98325317692513692     
          12          24  0.98511788142027745     
