           1           2   1.7221227870264089     
           2           3   1.0786051044200118     
           3           4   1.7294602752114738     
           4           5   1.1628992877690754     
           5           6   1.3825961094100421     
           6           7   1.3811747452291385     
           7           8   1.1904659176479142     
           8           9   1.6779462268226557     
           9          10   1.0983518288090730     
           7          11   1.2357292431139337     
          10          11   1.1050360514633522     
           6          12  0.11052366493021204     
          11          12   1.3789727734495132     
           5          13   1.2516069434016186     
          12          13   1.3925361750293568     
           1          14  0.14292720210697551     
           2          14   1.0351248414250933     
          13          14   1.0737170575353472     
           3          15  0.96497989976571663     
           4          16  0.96414220741086221     
           6          17  0.96558663788638177     
           8          18  0.97213621297389530     
           9          19  0.96500657804412660     
          12          20  0.96121363371569546     
