           1           2   1.0195146113314308     
           2           3  0.93967543369206685     
           3           4   1.1234685237795872     
           3           5  0.16991353800965339     
           4           5   1.7199190732611034     
           4           6   1.0017733229922630     
           6           7   1.3890035609718747     
           7           8   1.4544390457757175     
           6           9  0.10346489121405070     
           8           9   1.4326031583234946     
           7          10  0.10817708443528383     
           9          10   1.4340718462541657     
           6          11   1.3885041436145082     
           8          11  0.10759205608846900     
          10          11   1.4533190368979065     
           1          12  0.98383643960915457     
           1          13  0.98543016185207088     
           1          14  0.98543015742411844     
           2          15  0.96836828602591374     
           2          16  0.96836828418156928     
           7          17  0.96687688124341964     
           8          18  0.97036011625099550     
           9          19  0.97091657774292728     
          10          20  0.97004162561905727     
          11          21  0.96568658840776855     
