           1           2   1.9128994711384517     
           2           3   1.0262901464426579     
           2           4   1.0014495908706558     
           4           5  0.99123158358106622     
           5           6   1.0073363047988824     
           6           7  0.99760855823633277     
           7           8   1.0082711029295035     
           7           9  0.99748289458122164     
           4          10  0.95417969783637924     
           9          10  0.99128126519141702     
          10          11  0.99156155997544337     
           1          12  0.97547833278232454     
           1          13  0.97508962360756946     
           3          14  0.98380172994631343     
           3          15  0.96770775427862410     
           3          16  0.97188950086497727     
           4          17  0.96196142060173351     
           5          18  0.97666833013101118     
           5          19  0.97486613204112493     
           6          20  0.97599022558337833     
           6          21  0.97608363668866294     
           7          22  0.96802808646486016     
           8          23  0.98672209703362734     
           8          24  0.98640130014183525     
           8          25  0.98647323903897066     
           9          26  0.97393600277844916     
           9          27  0.97342774088432749     
          10          28  0.95707854070802789     
          11          29  0.88634722836412871     
