           1           2   1.9609322315043165     
           2           3   1.0433392789519000     
           3           4  0.97105275822568471     
           4           5  0.94733291764013627     
           4           6  0.13289008189457821     
           5           6   1.8137380161051297     
           5           7  0.88751305796678037     
           7           8   1.0474399836379067     
           8           9   1.9489280156840918     
           1          10  0.97479721120132690     
           1          11  0.97607373763580585     
           2          12  0.96491988037639409     
           3          13  0.97060871055119324     
           3          14  0.92618370072988609     
           7          15  0.96187421529951378     
           7          16  0.97106176641127973     
           8          17  0.96527148127053719     
           9          18  0.97496225209270992     
           9          19  0.97643102812255134     
