   -0.10494523
   -0.05289080
   -0.07152917
   -0.00579271
   -0.11437790
    0.00223172
    0.06969513
   -0.25983225
    0.35860184
   -0.41855949
   -0.08778955
   -0.10146518
    0.26185864
   -0.44455358
   -0.07863549
   -0.09889035
    0.03516104
    0.03597702
    0.04387420
    0.02730508
    0.03276327
    0.06615481
    0.03305060
    0.04985332
    0.04602691
    0.06796074
    0.05998477
    0.05838127
    0.08353329
    0.06489528
    0.06539302
    0.04504314
    0.05128086
    0.05092842
    0.04561195
    0.04687345
    0.05350297
    0.03447617
    0.04884279
