           1           2   1.0191302575810270     
           2           3   1.0062213452969795     
           3           4  0.99207577325906804     
           4           5  0.98957598728783702     
           5           6  0.99161878922730251     
           6           7  0.98236781033928600     
           7           8  0.94478963475752820     
           8           9   1.1399897143510851     
           8          10  0.17239961803548140     
           9          10   1.7436087211195670     
           9          11  0.97071051868979585     
          11          12  0.99673191514767678     
           5          13   1.2278330716390442     
           5          14  0.18727471444968746     
          13          14   1.6778578762545640     
          13          15  0.96873466941049835     
          15          16   1.0190883416281336     
           1          17  0.98793202151312887     
           1          18  0.98712831849428317     
           1          19  0.98714862058344333     
           2          20  0.97848348458260226     
           2          21  0.97838293950763189     
           3          22  0.96977117634741716     
           3          23  0.97652440575023758     
           4          24  0.96587829685919735     
           4          25  0.96804827901597124     
           6          26  0.96728177095346224     
           6          27  0.97001783846208189     
           7          28  0.96577462867249009     
           7          29  0.96784474413994137     
          11          30  0.96502607881272451     
          11          31  0.97445226106348259     
          12          32  0.98814507009255581     
          12          33  0.98703896959233739     
          12          34  0.98436953344749356     
          15          35  0.95830751228240163     
          15          36  0.96292125614425517     
          16          37  0.98625336393838658     
          16          38  0.98759644166241445     
          16          39  0.98706593876724602     
