           1           2  0.99937998316944165     
           2           3   1.0036378782841600     
           2           4  0.96403681660908025     
           4           5  0.98589952232315137     
           5           6  0.99033025802899222     
           6           7   1.0122790481956696     
           1           8  0.98595780789777021     
           1           9  0.98466791165832901     
           1          10  0.98536174217536199     
           2          11  0.95995766304323582     
           3          12  0.98552350443521086     
           3          13  0.98575230473248321     
           3          14  0.98511044898062750     
           5          15  0.96666140983409732     
           5          16  0.96614812234604175     
           6          17  0.96774831261665384     
           6          18  0.97242851687345588     
           7          19  0.88872215363846918     
