           1           2  0.97537711223379386     
           2           3   1.6949245257858794     
           2           4   1.2444142361236898     
           3           4  0.19625899185040946     
           4           5  0.97980281498768707     
           5           6   1.0007746227105287     
           5           7   1.0007348733273405     
           1           8  0.97251011309294544     
           1           9  0.98423507843214342     
           1          10  0.97342078077702765     
           4          11  0.94360085784727321     
           5          12  0.95766471476482540     
           6          13  0.98427922901561271     
           6          14  0.98627537730508363     
           6          15  0.98577738448826902     
           7          16  0.98628197704930809     
           7          17  0.98577985697335024     
           7          18  0.98427262698614149     
