           1           2   1.0189100888719154     
           2           3  0.93133024790937302     
           3           4   1.1437598313779425     
           3           5  0.17542187521698505     
           4           5   1.7499536362161874     
           4           6  0.93208315551454413     
           6           7  0.99696183563323404     
           7           8   1.0355908850060154     
           7           9   1.7939120576772094     
           9          10   1.0613794681127475     
          10          11   1.8073521697019514     
          10          12  0.98489171809624887     
           6          13  0.95693234608241429     
          12          13  0.99195814032445040     
          13          14  0.99272125081523999     
          14          15   1.0202704091415078     
           1          16  0.98283216276346297     
           1          17  0.98494771320902230     
           1          18  0.98543053405864889     
           2          19  0.96852135137547513     
           2          20  0.96846243952582989     
           6          21  0.94978258821827088     
           8          22  0.96482922481726441     
           8          23  0.96396723805678364     
           8          24  0.98307381092436297     
           9          25  0.95981043252567688     
          12          26  0.96929620481138090     
          12          27  0.93945197643857126     
          13          28  0.96597277253315217     
          14          29  0.97593873618039062     
          14          30  0.97385678868449443     
          15          31  0.98710661901673269     
          15          32  0.98618348261049082     
          15          33  0.98405622559203954     
