           1           2   1.9841737404921265     
           2           3   1.0112960493935199     
           3           4  0.93961603581528885     
           4           5   1.1095127962301832     
           4           6  0.16752039549370468     
           5           6   1.7062113106211698     
           5           7   1.0358748190418163     
           7           8   1.7766165799231115     
           8           9   1.1157070528736555     
           9          10   1.3647319824455202     
          10          11   1.4601072697914050     
          11          12   1.4304677725434347     
          10          13  0.10327065076330269     
          12          13   1.4253240481899512     
           9          14   1.3621811932172765     
          11          14  0.10474254579533410     
          13          14   1.4655460422309949     
           1          15  0.97561052117072933     
           1          16  0.97446844905917962     
           2          17  0.96416017928124753     
           3          18  0.94908960151339894     
           3          19  0.96723975272193696     
           7          20  0.96146434309347550     
           8          21  0.95710185203661802     
          10          22  0.96826545908895545     
          11          23  0.97045938610733451     
          12          24  0.97128200025757971     
          13          25  0.97052611143958811     
          14          26  0.96618690164603660     
