           1           2   1.0155962654895407     
           2           3   1.8430480925450154     
           2           4  0.95222968026834620     
           4           5   1.0010644667866799     
           4           6  0.94264221181027219     
           6           7   1.0058608115873529     
           7           8   1.0095378717879542     
           8           9   1.0094942927628037     
           4          10  0.96265005053271946     
           9          10   1.0068143630145845     
           1          11  0.97811368370375285     
           1          12  0.96785796094661591     
           1          13  0.94791803746262437     
           5          14  0.86333677464852709     
           6          15  0.97700270641194131     
           6          16  0.97353229835215283     
           7          17  0.97500287566832988     
           7          18  0.97454198431734174     
           8          19  0.97708638875034137     
           8          20  0.97731503400494302     
           9          21  0.97475724830594879     
           9          22  0.97603758665190066     
          10          23  0.97478874667522586     
          10          24  0.97666046132419637     
