   -0.11132768
   -0.01139318
   -0.10326926
    0.00253381
   -0.10346380
    0.27722861
   -0.38556629
   -0.04666549
   -0.05559787
   -0.05707435
   -0.05811202
   -0.04829130
   -0.04904856
    0.27548287
   -0.38551067
    0.03997892
    0.04464385
    0.04084990
    0.04281424
    0.02892534
    0.03811912
    0.04687886
    0.06065940
    0.06920292
    0.05755881
    0.05647045
    0.04016557
    0.03819937
    0.03800012
    0.04057031
    0.03875551
    0.04700373
    0.03357955
    0.05769920
