           1           2   1.0073685573695104     
           2           3   1.0105190201411207     
           2           4  0.98254018592956061     
           4           5  0.96942357881449903     
           5           6   1.1276396666922692     
           5           7  0.14057353965720151     
           6           7   1.7616925870698561     
           6           8  0.95447284708135616     
           8           9  0.99199654568333462     
           9          10   1.0091211320424420     
          10          11   1.0091680479954777     
          11          12   1.0060569084966193     
           8          13  0.98152834285975565     
          12          13  0.96728437111947096     
           5          14   1.1280492474366766     
          13          14  0.95434480036460856     
           5          15  0.14022075877380283     
          14          15   1.7621969809897353     
           1          16  0.98624874418809427     
           1          17  0.98541476068464906     
           1          18  0.98644371469782688     
           2          19  0.96739610317402325     
           3          20  0.98419427017702743     
           3          21  0.98609944645670067     
           3          22  0.98539977194628081     
           4          23  0.96576234928642957     
           4          24  0.96752546201612732     
           8          25  0.93864939438605377     
           9          26  0.97173510774523675     
           9          27  0.97659258386242420     
          10          28  0.97632858909762199     
          10          29  0.97647104599857704     
          11          30  0.97638952224391928     
          11          31  0.97494126995547858     
          12          32  0.97633126132418846     
          12          33  0.97396234346655985     
          13          34  0.96371328312518223     
