           1           2   1.0153676901922160     
           2           3  0.96333611869726476     
           3           4   1.0401508781490212     
           4           5   1.3920373709797216     
           5           6   1.4276251946276917     
           6           7   1.4489491438448650     
           5           8  0.10118526286665691     
           7           8   1.4224514526672523     
           4           9   1.3264245268083246     
           6           9  0.10806639117393346     
           8           9   1.4398411759295853     
           9          10   1.0141143130814672     
          10          11  0.98000547214661227     
          11          12   1.0090983215687424     
           1          13  0.98559010377470924     
           1          14  0.98438432279022958     
           1          15  0.98449697885015397     
           2          16  0.96865372006306749     
           2          17  0.96896263286982176     
           5          18  0.96597883713127997     
           6          19  0.97125562666013243     
           7          20  0.97098106830458419     
           8          21  0.96826406596394077     
          10          22  0.96644091226579276     
          10          23  0.97413169732092642     
          11          24  0.96876485515723609     
          11          25  0.97314443329966305     
          12          26  0.86369641012483778     
