           1           2   1.0202454519209876     
           2           3   1.0233981394849447     
           2           4   1.8840365734906013     
           4           5   1.0248352213613288     
           5           6  0.99433798112859395     
           6           7  0.99732906609477334     
           7           8   1.0083311155873151     
           7           9  0.99476107807543279     
           9          10  0.99953356862321519     
          10          11  0.99511712942554797     
           1          12  0.97433920067647262     
           1          13  0.97390526323775906     
           1          14  0.98545511929305907     
           3          15  0.97259149248674315     
           3          16  0.97324811215095330     
           3          17  0.97851754740701757     
           4          18  0.96295055333167001     
           5          19  0.96726190260705269     
           5          20  0.96076784868024290     
           6          21  0.97617313985881515     
           6          22  0.97514142415212013     
           7          23  0.96602328202321164     
           8          24  0.98525580015193370     
           8          25  0.98662013791001490     
           8          26  0.98628641004581752     
           9          27  0.97432762364904091     
           9          28  0.97281391184744048     
          10          29  0.97090005739423491     
          10          30  0.96947468549212445     
          11          31  0.90439302097814900     
