   -0.10321000
   -0.05317968
   -0.05977292
   -0.06228420
    0.00671754
   -0.10231652
    0.27242369
   -0.13593414
   -0.43638382
    0.06451524
   -0.04454653
   -0.02810813
   -0.03382851
   -0.02870520
   -0.04480355
    0.03555349
    0.03323981
    0.03464985
    0.02885763
    0.03430521
    0.03642342
    0.02884736
    0.03016232
    0.05566224
    0.06286666
    0.03987329
    0.06225013
    0.06844183
    0.04626265
    0.03988065
    0.03730818
    0.03592080
    0.03683110
    0.04208011
