           1           2   1.0191594082382538     
           2           3   1.0075238344160882     
           3           4   1.0057581922659182     
           4           5  0.99728620120853939     
           5           6  0.96847732477140702     
           6           7   1.2044155751679273     
           7           8  0.98505136886233557     
           6           9  0.17389228270656076     
           7           9   1.6903146843631904     
           6          10   1.0357375659321553     
          10          11   1.3810208738493890     
          11          12   1.4511357008257419     
          10          13  0.10293547240592543     
          12          13   1.4335865950774616     
          11          14  0.10839221944962124     
          13          14   1.4359512557607299     
          10          15   1.3853081590683098     
          12          15  0.10815821607834024     
          14          15   1.4487797831710587     
           1          16  0.98786445546237212     
           1          17  0.98795783846854901     
           1          18  0.98736718992949579     
           2          19  0.97858390955728058     
           2          20  0.97835100290731591     
           3          21  0.97703835754627411     
           3          22  0.97728497824978178     
           4          23  0.97423391683271410     
           4          24  0.97422059808540107     
           5          25  0.96513578515911624     
           5          26  0.97409122403098025     
           8          27  0.96349881501213863     
           8          28  0.97574733734699237     
           8          29  0.98084082215265456     
          11          30  0.96783314577058921     
          12          31  0.97047711618493848     
          13          32  0.97121872986560176     
          14          33  0.97064447246708885     
          15          34  0.96544548010604592     
