           1           2   1.4260050191488132     
           2           3   1.4528867226554047     
           1           4  0.10664094786817252     
           3           4   1.4072342267129103     
           2           5  0.10664094704514865     
           4           5   1.3954381878740210     
           1           6   1.4528867158155547     
           3           6  0.10993813875907352     
           5           6   1.4072342290168283     
           5           7   1.0101932875323700     
           7           8   1.0076602994204173     
           8           9   1.0089584091402057     
           4          10   1.0101932926006512     
           9          10   1.0076602972756761     
           1          11  0.97140111704702825     
           2          12  0.97140111429246312     
           3          13  0.96977459716624803     
           6          14  0.96977459717096615     
           7          15  0.96030601904576351     
           7          16  0.96942272687693221     
           8          17  0.97813548774778447     
           8          18  0.97799120580789034     
           9          19  0.97813548892946722     
           9          20  0.97799120432259257     
          10          21  0.96942272832717213     
          10          22  0.96030601628432721     
