           1           2   1.0077503026043804     
           2           3   1.0097833359024631     
           2           4  0.99566956350769797     
           4           5  0.98923985169438011     
           5           6  0.97244171522649048     
           5           7  0.99278633581083275     
           7           8  0.99062938176176651     
           8           9   1.0021972647655260     
           8          10  0.99727041145730155     
           1          11  0.98678544525780432     
           1          12  0.98623231407084289     
           1          13  0.98659124622930261     
           2          14  0.96633723991767628     
           3          15  0.98584412948008027     
           3          16  0.98657158672633682     
           3          17  0.98466473429746948     
           4          18  0.97159869982745251     
           4          19  0.97323594770475119     
           5          20  0.96119838351708931     
           6          21  0.89765513247597251     
           7          22  0.97188276779778471     
           7          23  0.97189133008607231     
           8          24  0.95566253053390926     
           9          25  0.98465576290167456     
           9          26  0.98737832289492022     
           9          27  0.98623166708616150     
          10          28  0.86475515778175216     
