           1           2   1.9846543480186221     
           2           3   1.0113841684485081     
           3           4  0.93648897093284944     
           4           5   1.1209998529840153     
           4           6  0.16944457616882494     
           5           6   1.7205770486863321     
           5           7   1.0013943808664263     
           7           8   1.3887792606623914     
           8           9   1.4544453496955261     
           7          10  0.10334780066034165     
           9          10   1.4326361504642573     
           8          11  0.10817134489781681     
          10          11   1.4339718954275962     
           7          12   1.3882665718410370     
           9          12  0.10755064410413372     
          11          12   1.4533766792200831     
           1          13  0.97439601792032726     
           1          14  0.97553073448292271     
           2          15  0.96393249126093750     
           3          16  0.94971041326409678     
           3          17  0.96759728497754005     
           8          18  0.96687116366845260     
           9          19  0.97032019115178225     
          10          20  0.97087888902524910     
          11          21  0.97001545350584317     
          12          22  0.96567926657642233     
