   -0.10907194
   -0.01387479
   -0.06241230
   -0.05567054
   -0.04741503
    0.28131647
   -0.38695671
   -0.11062870
    0.05376260
   -0.11309388
   -0.11494438
    0.27525582
   -0.38819136
   -0.04823141
   -0.05294785
    0.04035121
    0.03818677
    0.03893428
    0.03546171
    0.04022812
    0.03886009
    0.03842548
    0.05668276
    0.05626175
    0.06409437
    0.06424546
    0.03927847
    0.04896233
    0.06430447
    0.04055760
    0.04942831
    0.05672507
    0.04775812
    0.03435760
