           1           2   1.0070276457699197     
           2           3  0.99775889984631427     
           3           4   1.0084640250020529     
           4           5  0.99294812339019378     
           5           6  0.95359286981670444     
           6           7   1.7609343132257320     
           6           8   1.1304809635808393     
           7           8  0.13889829795433672     
           8           9  0.94782719481957689     
           9          10   1.0010295664335793     
           9          11   1.0033974615380663     
           8          12   1.1296279420672473     
           8          13  0.14129846417953884     
          12          13   1.7595878329432479     
           5          14  0.98094767825035190     
          12          14  0.95547329543629134     
           2          15  0.99382010894528783     
          14          15  0.96633844575471928     
           1          16  0.98554481604803401     
           1          17  0.98658577458990071     
           1          18  0.98604367635464807     
           2          19  0.96732754907914398     
           3          20  0.97555519019297421     
           3          21  0.97541749330229832     
           4          22  0.97661715350534006     
           4          23  0.97140719745350457     
           5          24  0.93891274980003414     
           9          25  0.95927555289855504     
          10          26  0.98260107641893613     
          10          27  0.98653237406381178     
          10          28  0.98339876482006150     
          11          29  0.98221751172841842     
          11          30  0.98642691235683699     
          11          31  0.98347455794542027     
          14          32  0.96357190457045194     
          15          33  0.97526808488988692     
          15          34  0.97452329886340516     
