           1           2  0.99032125977066021     
           2           3  0.98726349644498068     
           3           4  0.98726349728591767     
           4           5  0.99032126195059722     
           1           6  0.98726349879777675     
           5           6  0.98726349501188171     
           1           7  0.96654532178507302     
           1           8  0.97097851383197487     
           2           9  0.96654532174249996     
           2          10  0.97097851308716376     
           4          11  0.97097851405000402     
           4          12  0.96654532100828150     
           5          13  0.97097851282624026     
           5          14  0.96654532100515578     
