           1           2   1.0182360875255925     
           2           3  0.99797082518975821     
           3           4  0.96844319782154265     
           4           5   1.2046766244239266     
           5           6  0.98505354830270053     
           4           7  0.17407438083623702     
           5           7   1.6901663511120244     
           4           8   1.0354149634563030     
           8           9   1.3813593308667498     
           9          10   1.4509143325351908     
           8          11  0.10297897852943061     
          10          11   1.4337951829135973     
           9          12  0.10842182775169061     
          11          12   1.4358223641316414     
           8          13   1.3853326996137105     
          10          13  0.10818532653044470     
          12          13   1.4488935350428493     
           1          14  0.98659379096993938     
           1          15  0.98739023811571935     
           1          16  0.98769577110061602     
           2          17  0.97524868028917444     
           2          18  0.97538113143271288     
           3          19  0.96509144340218622     
           3          20  0.97408214199334697     
           6          21  0.96349036718294634     
           6          22  0.98085088326750280     
           6          23  0.97577783710327992     
           9          24  0.96784876874317594     
          10          25  0.97047284031512127     
          11          26  0.97121227316199499     
          12          27  0.97064199241823934     
          13          28  0.96555514543052101     
