           1           2   1.0191875977502693     
           2           3   1.0074783217129608     
           3           4   1.0070678983173809     
           4           5  0.97203098429534773     
           5           6  0.99349517673622911     
           6           7   1.9286199062747964     
           5           8  0.97230066113051783     
           8           9   1.0197407585532179     
           1          10  0.98780402256548872     
           1          11  0.98779033648226844     
           1          12  0.98729585515074891     
           2          13  0.97864421696151993     
           2          14  0.97811122935694361     
           3          15  0.97556877435062350     
           3          16  0.97645640904363185     
           4          17  0.97323448509979371     
           4          18  0.97584655964166966     
           5          19  0.96322776867534710     
           6          20  0.92854468609707841     
           8          21  0.97444378393147812     
           8          22  0.97684623206764254     
           9          23  0.98641296753787744     
           9          24  0.98694972537841830     
           9          25  0.98641062856079098     
