           1           2   1.0078870389133261     
           2           3   1.0096517766460611     
           2           4  0.99745193409727406     
           4           5  0.97658114545927244     
           5           6  0.97965913084725853     
           5           7  0.98890344709858946     
           7           8   1.4130109829199695     
           8           9   1.4438693153087772     
           7          10  0.10989445078205554     
           9          10   1.4391083708573560     
           8          11  0.11082732243707895     
          10          11   1.4378842114885646     
           7          12   1.4126747505897193     
           9          12  0.11146432035452696     
          11          12   1.4459361147547600     
           1          13  0.98688912224754599     
           1          14  0.98637817394533212     
           1          15  0.98677631376241970     
           2          16  0.96655823015772679     
           3          17  0.98629684391224726     
           3          18  0.98641095460114880     
           3          19  0.98393978506357382     
           4          20  0.97307084499555829     
           4          21  0.97230560936991961     
           5          22  0.95664906127762883     
           6          23  0.90358860085021031     
           8          24  0.96829741629791033     
           9          25  0.97116297908336513     
          10          26  0.97153851814136005     
          11          27  0.97108330902007300     
          12          28  0.96749036647737319     
