   -0.11132645
   -0.01143541
   -0.10327649
    0.00256139
   -0.10376203
    0.27537338
   -0.38544360
   -0.04978508
   -0.04830036
   -0.06279981
   -0.01268284
   -0.10956787
   -0.06005365
   -0.04702517
    0.27653852
   -0.38543311
    0.04459756
    0.04088146
    0.03994551
    0.04278616
    0.02888894
    0.04693379
    0.03821420
    0.06062506
    0.06924223
    0.05785488
    0.03205339
    0.04746277
    0.03988218
    0.04073055
    0.03334613
    0.04138334
    0.03693988
    0.03878931
    0.04115845
    0.05666686
    0.05803596
