           1           2   1.0073627419200644     
           2           3   1.0105157267270461     
           2           4  0.98257095648059090     
           4           5  0.96938148218419806     
           5           6   1.1280775696061209     
           5           7  0.14021725893741696     
           6           7   1.7621208207604488     
           6           8  0.95442636251065160     
           8           9  0.96719318032405543     
           9          10   1.0054931307105901     
          10          11  0.99755362440239281     
          11          12   1.0082905601435999     
          11          13  0.99752818630120310     
           8          14  0.98142493318498258     
          13          14  0.99141765260098325     
           5          15   1.1274232805668070     
          14          15  0.95451172166211173     
           5          16  0.14048505217920848     
          15          16   1.7615241146259972     
           1          17  0.98543117893671039     
           1          18  0.98645070011188229     
           1          19  0.98623395244531409     
           2          20  0.96739610938912279     
           3          21  0.98419953246561043     
           3          22  0.98538789932132387     
           3          23  0.98607980005785689     
           4          24  0.96574200856415271     
           4          25  0.96751384878265378     
           8          26  0.96374288226600302     
           9          27  0.97395454423345174     
           9          28  0.97607917669598065     
          10          29  0.97375193300363505     
          10          30  0.97561516808219617     
          11          31  0.96702329597688264     
          12          32  0.98594629415831969     
          12          33  0.98652763252286912     
          12          34  0.98608767252014773     
          13          35  0.97490429397447742     
          13          36  0.97097637428314654     
          14          37  0.93836054786416534     
