           1           2   1.0200380193113023     
           2           3   1.0069771028673715     
           3           4   1.0079458320898180     
           4           5   1.0066842367314035     
           5           6   1.0068940042755887     
           6           7   1.0068231921772426     
           7           8   1.0074435626911680     
           8           9   1.0068360713881870     
           9          10  0.98116952776443467     
          10          11   1.7732359884267606     
          10          12   1.1208253858791126     
          11          12  0.17014758143476377     
           1          13  0.98760142259334860     
           1          14  0.98637710666193512     
           1          15  0.98767838766418159     
           2          16  0.97830574391121383     
           2          17  0.97867085643004625     
           3          18  0.97742670838566781     
           3          19  0.97741536507480420     
           4          20  0.97574811219931434     
           4          21  0.97727617344389883     
           5          22  0.97740797655902623     
           5          23  0.97756599269840538     
           6          24  0.97728542681143415     
           6          25  0.97725571965865354     
           7          26  0.97719850146938869     
           7          27  0.97719971060110211     
           8          28  0.97596138800978549     
           8          29  0.97596344531183887     
           9          30  0.95115516091097474     
           9          31  0.95115944143306264     
          12          32  0.86743563256456069     
