           1           2   1.9333201092672212     
           2           3   1.0088507644952336     
           3           4   1.7182822001986047     
           3           5   1.1306241699953399     
           4           5  0.17420152509839598     
           5           6  0.92452433013998370     
           6           7   1.0080808582717320     
           6           8  0.96924041670959515     
           8           9   1.0114924280245230     
           9          10   1.9258178294442185     
           9          11   1.0275870474619830     
           1          12  0.97553468006252730     
           1          13  0.97011231730311298     
           2          14  0.96498318183651755     
           6          15  0.95925303818599805     
           7          16  0.98268178575391651     
           7          17  0.98352718753092272     
           7          18  0.98482751910121202     
           8          19  0.96391941671846482     
           8          20  0.97177261798429360     
          10          21  0.97576026832358365     
          10          22  0.97591154741829311     
          11          23  0.98508986909903484     
          11          24  0.97285307469554383     
          11          25  0.96543682742914916     
