   -0.11482534
    0.08920433
   -0.28152376
    0.34473975
   -0.44490733
   -0.03602287
    0.03233978
   -0.04975061
   -0.06121710
   -0.00954236
   -0.07587852
   -0.04107366
    0.36348865
   -0.40642355
   -0.26141727
    0.07726649
   -0.11434007
    0.05748179
    0.05503413
    0.04980402
    0.04396992
    0.05047603
    0.05630020
    0.05450445
    0.05378927
    0.04810177
    0.03673591
    0.04647676
    0.07184062
    0.08263795
    0.06055338
    0.05944353
    0.05224368
    0.05173805
    0.05875202
