           1           2   1.0188320507715718     
           2           3  0.94642290633323267     
           3           4   1.0861373102560119     
           3           5  0.15690762589871932     
           4           5   1.6614173779449308     
           4           6   1.0945516266511759     
           6           7   1.6613239674040063     
           7           8   1.0204728156730736     
           8           9  0.95113015040961935     
           9          10  0.98225038347656424     
           7          11  0.98139481290277597     
          10          11  0.98401480093462335     
           6          12  0.97792097505287612     
          10          12  0.95330111186123367     
          12          13  0.94902166401899657     
          13          14   1.7472449096699081     
          13          15   1.1464834389316063     
          14          15  0.17664494116765367     
          15          16  0.93414974385843841     
          16          17   1.0124670624088470     
           1          18  0.98551179026202318     
           1          19  0.98570550911935462     
           1          20  0.98433446185377615     
           2          21  0.96856752535096313     
           2          22  0.96782306552144814     
           8          23  0.97803068138393623     
           8          24  0.97766495108317508     
           9          25  0.97456400171723567     
           9          26  0.98055747671195459     
          10          27  0.96969212326272669     
          11          28  0.97611068598404094     
          11          29  0.96855935683119565     
          12          30  0.94381511571001009     
          16          31  0.96878687787689421     
          16          32  0.97193632304382871     
          17          33  0.98625257922086673     
          17          34  0.98341173906393031     
          17          35  0.98506749076217170     
