           1           2   1.0074053818218576     
           2           3  0.99721161889755883     
           3           4  0.99377856104887419     
           4           5  0.98114038974609263     
           4           6  0.98890357839556597     
           6           7  0.98495476283937899     
           7           8  0.99954311178433231     
           7           9  0.99621278736072594     
           2          10  0.99741723328143828     
           7          10  0.98563453478893326     
           1          11  0.98653991176079403     
           1          12  0.98647745246868035     
           1          13  0.98665244945320441     
           2          14  0.96575098901236955     
           3          15  0.97489060504949787     
           3          16  0.97360850850883485     
           4          17  0.95960744285126809     
           5          18  0.90282976997353193     
           6          19  0.97439212858908653     
           6          20  0.97397143983689061     
           8          21  0.98543010026051792     
           8          22  0.98089717203354243     
           8          23  0.98559309961829700     
           9          24  0.98569975852978020     
           9          25  0.98581407899472517     
           9          26  0.98558504872689701     
          10          27  0.97408423020763446     
          10          28  0.97497108628097640     
