           1           2   1.0192453493326004     
           2           3   1.0075639487448838     
           3           4   1.0056937217724462     
           4           5  0.99769410516508006     
           5           6  0.93925169184339030     
           6           7   1.1323389736879725     
           6           8  0.17292903740553148     
           7           8   1.7531991744172422     
           7           9  0.96965473030700344     
           9          10  0.99199711138795676     
          10          11   1.0091016059733910     
          11          12   1.0194336934937958     
           1          13  0.98780478232086177     
           1          14  0.98784824569506369     
           1          15  0.98723621015087515     
           2          16  0.97836534042161649     
           2          17  0.97841889920808445     
           3          18  0.97711768285180300     
           3          19  0.97705918320691865     
           4          20  0.97543288440013942     
           4          21  0.97638500381780835     
           5          22  0.97150131768476722     
           5          23  0.96832742396309834     
           9          24  0.95313962379802242     
           9          25  0.97467035001201230     
          10          26  0.97515666124627509     
          10          27  0.97622214788762951     
          11          28  0.97796678913053037     
          11          29  0.97749957350602434     
          12          30  0.98724244763958557     
          12          31  0.98773988299486826     
          12          32  0.98767323107534977     
