           1           2   1.8770766778429993     
           2           3  0.98929538582360654     
           3           4   1.0077675532527386     
           4           5   1.0042269381069815     
           2           6  0.93614970290185273     
           5           6  0.99532911017005077     
           6           7  0.92820733057217242     
           7           8   1.7338121419638668     
           7           9   1.1633921164675169     
           8           9  0.17556110567221050     
           9          10  0.91593526737416830     
          10          11  0.98596353025357808     
          11          12   1.0080079799827546     
          12          13   1.0078075084435050     
          10          14  0.98915395061575118     
          13          14   1.0048589689642462     
           3          15  0.95840942177512989     
           3          16  0.94195457957512241     
           4          17  0.97911158904343176     
           4          18  0.97687234830422831     
           5          19  0.97632589683360949     
           5          20  0.97858328217382717     
           6          21  0.94734491400727017     
          10          22  0.96515326466596252     
          11          23  0.97670578364530014     
          11          24  0.97697890935032194     
          12          25  0.97898854832233884     
          12          26  0.97911522369279158     
          13          27  0.98062129017332511     
          13          28  0.97987693681373500     
          14          29  0.98037847657717436     
          14          30  0.97446953293935001     
