           1           2   1.0200335668832554     
           2           3  0.96142582362352180     
           3           4   1.7011905592746528     
           3           5   1.2359750400091993     
           4           5  0.19617209484513032     
           5           6   1.0064834965223586     
           1           7  0.98547915560777677     
           1           8  0.98746883139949215     
           1           9  0.98751489362084066     
           2          10  0.96035926696770157     
           2          11  0.96782765528213077     
           5          12  0.94749769968094955     
           6          13  0.97791996393041747     
           6          14  0.97485485404616867     
           6          15  0.97792693189817470     
