           1           2   1.0194751100715551     
           2           3   1.0081148627461067     
           3           4   1.0042077721309006     
           4           5  0.99398043577616568     
           1           6  0.98780263490187481     
           1           7  0.98734505535277572     
           1           8  0.98780264097187542     
           2           9  0.97838948237496193     
           2          10  0.97838947788248143     
           3          11  0.97582592506645982     
           3          12  0.97582593462249090     
           4          13  0.97168496760535150     
           4          14  0.97168501475366775     
           5          15  0.90546377354471008     
