           1           2   1.0145298203067075     
           2           3  0.97773872214805746     
           3           4  0.98940236197057185     
           3           5  0.96760006641848273     
           5           6   1.0147857984845159     
           6           7   1.4059246223074255     
           7           8   1.4505367195171874     
           6           9  0.10864704712609230     
           8           9   1.4341474004495749     
           7          10  0.11182763697924884     
           9          10   1.4424751232749955     
           6          11   1.4099708715330752     
           8          11  0.10970740969582637     
          10          11   1.4399144448280514     
           1          12  0.88649292700983562     
           2          13  0.97264774978422608     
           2          14  0.96656722123205374     
           3          15  0.96112027978232484     
           4          16  0.88765936528680489     
           5          17  0.96936572412579614     
           5          18  0.96984485993113578     
           7          19  0.96948081063303582     
           8          20  0.97111280359043561     
           9          21  0.97147935501283611     
          10          22  0.97115840754183780     
          11          23  0.96826978523152496     
