           1           2   1.0132902770077703     
           2           3  0.92902266357335439     
           3           4   1.1467969778364191     
           3           5  0.17706941426873588     
           4           5   1.7610624159023469     
           4           6  0.92054468112352883     
           6           7   1.0322046154354150     
           7           8   2.8447150831212409     
           6           9  0.93315153519383665     
           9          10  0.99961546559558268     
          10          11   1.0065456661873264     
          11          12   1.0090985603423992     
          12          13   1.0092008760755435     
           9          14  0.99539033188068371     
          13          14   1.0063574024985722     
           1          15  0.98273706025825047     
           1          16  0.98455800589720410     
           1          17  0.98597948778748523     
           2          18  0.96943709267744083     
           2          19  0.97201728466580217     
           6          20  0.93338593239586043     
           9          21  0.96582462155491422     
          10          22  0.97299099172066095     
          10          23  0.97068282226171321     
          11          24  0.97720275537318346     
          11          25  0.97687403244028581     
          12          26  0.97726059968673007     
          12          27  0.97720308254432564     
          13          28  0.97729286601939935     
          13          29  0.97677730043554334     
          14          30  0.97625142636739592     
          14          31  0.97505271305119978     
