   -0.11012710
    0.00705789
   -0.10653547
   -0.06022779
   -0.05148305
   -0.06321835
    0.01555665
   -0.10982852
   -0.06867338
    0.08444373
   -0.27590666
    0.35414355
   -0.41788340
   -0.00728620
   -0.06438728
    0.06997421
   -0.01459488
   -0.10477612
   -0.10420740
   -0.23287813
    0.09555025
    0.06030016
   -0.03331351
   -0.02451931
   -0.03001912
   -0.02597763
   -0.03292312
    0.04240002
    0.03671098
    0.04315935
    0.04074742
    0.04231621
    0.03836584
    0.02467058
    0.03447795
    0.03475121
    0.03885432
    0.04518453
    0.05025226
    0.04783176
    0.04575859
    0.04335485
    0.04910083
    0.05484535
    0.04268419
    0.04772322
    0.03692061
    0.03912575
    0.04061179
    0.03928716
    0.03973144
    0.03601680
    0.03637508
    0.03924898
    0.04081200
    0.04203509
    0.05838578
