           1           2   1.0220026341755812     
           2           3   1.0241911869422475     
           2           4   1.8818189080382011     
           4           5   1.0225686484873624     
           5           6  0.96590901756219294     
           6           7   1.0125424080554077     
           7           8   1.0246391693764756     
           7           9   1.8783550133221238     
           9          10   1.0150665870912789     
          10          11  0.92106966106288168     
          11          12   1.1235553327018017     
          11          13  0.17317989444508564     
          12          13   1.7171323089087165     
          12          14   1.0050177266349618     
          14          15   1.4562486447296812     
          15          16   1.3375886095349732     
          16          17   1.0026844091863538     
          17          18  0.99623217351666338     
          17          19  0.99540834150224555     
          14          20  0.13793577114041661     
          16          20   1.4767346162553721     
          14          21   1.2102458016886330     
          20          21   1.2016270271607361     
          21          22   1.0293047670303779     
          22          23   1.3814543533344645     
          23          24   1.4509846517696949     
          22          25  0.10202545738179837     
          24          25   1.4325149357928417     
          23          26  0.10881336496531768     
          25          26   1.4357017667097729     
          22          27   1.3847207023506634     
          24          27  0.10846957361890164     
          26          27   1.4486101390521984     
           1          28  0.97289238905371200     
           1          29  0.98527542299896709     
           1          30  0.97366185672508321     
           3          31  0.97625761412679091     
           3          32  0.96990934317611643     
           3          33  0.97905447988293104     
           4          34  0.96540123037360204     
           5          35  0.96637500633963447     
           5          36  0.97242255649004561     
           6          37  0.97464532304189755     
           6          38  0.97047285318820709     
           8          39  0.96619274813187817     
           8          40  0.98009896952231734     
           8          41  0.97656799725913446     
           9          42  0.96362815717121120     
          10          43  0.95969300814356118     
          10          44  0.96391825865841274     
          15          45  0.97229436816994697     
          17          46  0.96615873790598994     
          18          47  0.98745857091719114     
          18          48  0.98555368973906587     
          18          49  0.98636808701946244     
          19          50  0.98546565507597550     
          19          51  0.98653489121003457     
          19          52  0.98754217363435470     
          23          53  0.96704930745159157     
          24          54  0.96979041540449828     
          25          55  0.97042293258617895     
          26          56  0.97012474368282364     
          27          57  0.96650822078797738     
