           1           2   1.0193219533447324     
           2           3  0.94178774940168897     
           3           4   1.1210006383421178     
           3           5  0.16783932041311350     
           4           5   1.7155312696581400     
           4           6   1.0051359000169366     
           6           7   1.3747532519675649     
           7           8   1.4396624134015021     
           8           9   1.4548013487994991     
           9          10   1.3384727615740561     
          10          11   1.1655441765106362     
           6          12   1.4059157656473280     
          10          12   1.3542785209764983     
           1          13  0.98412484380583254     
           1          14  0.98546673111990535     
           1          15  0.98555835328310593     
           2          16  0.96845478641156846     
           2          17  0.96848396037822515     
           7          18  0.96797893096649590     
           8          19  0.97046591671374660     
           9          20  0.96873625738142144     
          11          21  0.95379838223224456     
          11          22  0.95456263579344758     
          12          23  0.96372112215376127     
