           1           2   1.0191725051287250     
           2           3   1.0076726636815208     
           3           4   1.0068191006943767     
           4           5   1.0062522517720061     
           5           6   1.0057847597470511     
           6           7  0.98948594295372438     
           7           8   1.0119259780267436     
           8           9   1.9284708905320556     
           1          10  0.98792880179573961     
           1          11  0.98796005015541932     
           1          12  0.98740393316790620     
           2          13  0.97861458871175122     
           2          14  0.97854246393212307     
           3          15  0.97747770538408218     
           3          16  0.97737575499037166     
           4          17  0.97741472076430103     
           4          18  0.97726392871266532     
           5          19  0.97713492519203415     
           5          20  0.97706537245720537     
           6          21  0.97792142208081312     
           6          22  0.97616115575999374     
           7          23  0.93817412689882163     
           7          24  0.97067795800134360     
           8          25  0.92972133021064263     
