           1           2   1.0196685345003389     
           2           3  0.98355040501916646     
           3           4   1.0042332785727333     
           3           5  0.98242838608233796     
           5           6  0.99489357888307417     
           6           7  0.97391927686241220     
           6           8  0.98837554395130722     
           8           9  0.99588364925501482     
           9          10   1.0097798650139536     
           9          11   1.0076493694916449     
           1          12  0.98593547592405328     
           1          13  0.98809428688897638     
           1          14  0.98754959202775328     
           2          15  0.97781773928582505     
           2          16  0.97564294981625177     
           3          17  0.96246564732352358     
           4          18  0.87156600871030609     
           5          19  0.97334736522873488     
           5          20  0.97293034016981483     
           6          21  0.95887098163768270     
           7          22  0.89757480364430020     
           8          23  0.97454249405838944     
           8          24  0.97252876732116600     
           9          25  0.96669068428655192     
          10          26  0.98570412288491460     
          10          27  0.98664734725567604     
          10          28  0.98457956465558272     
          11          29  0.98676972725250156     
          11          30  0.98663078548322469     
          11          31  0.98624314009163982     
