           1           2   1.0199378932885783     
           2           3  0.97528286288276356     
           3           4   1.7313359853306076     
           3           5   1.1385105214080142     
           4           5  0.16843098302818388     
           5           6  0.93770432412129223     
           6           7  0.95494437098108309     
           7           8   1.0127448018735055     
           7           9  0.98576870564358932     
           9          10   1.4198113740577694     
          10          11   1.4397825377678282     
           9          12  0.10984890219158933     
          11          12   1.4430254050945690     
          10          13  0.11100645549276003     
          12          13   1.4345947258578085     
           9          14   1.4110821080778930     
          11          14  0.11214794593772454     
          13          14   1.4490212944555485     
           1          15  0.98619319111609516     
           1          16  0.98614858840680530     
           1          17  0.98658886127232459     
           2          18  0.95317602813052282     
           2          19  0.95381023330250425     
           6          20  0.96687073696793124     
           6          21  0.97098150522930926     
           7          22  0.95160770631041414     
           8          23  0.85212292331173956     
          10          24  0.96606221253949986     
          11          25  0.97076251072734132     
          12          26  0.97130146156725239     
          13          27  0.97100558771072065     
          14          28  0.96925510956511995     
