           1           2   1.4224805281022406     
           2           3   1.4510565722701800     
           3           4   1.3758438570682818     
           4           5   1.3217154245411742     
           1           6   1.4510565922393006     
           3           6  0.10458120443045434     
           5           6   1.3758438643277711     
           5           7   1.0349467939315045     
           7           8  0.98197990214758457     
           8           9  0.98950502814067531     
           4          10   1.0349468358917795     
           9          10  0.98197989097373828     
           1          11  0.97059738062365108     
           2          12  0.97059739184991911     
           3          13  0.96767548665337544     
           6          14  0.96767548601509112     
           8          15  0.96731312812383774     
           8          16  0.97120610268878793     
           9          17  0.97120610277216524     
           9          18  0.96731312566177041     
