           1           2   1.8894390244214740     
           2           3   1.0978636418953711     
           3           4   1.0214923755626288     
           1           5  0.12688554415798775     
           3           5   1.7905722785586127     
           5           6   1.0109557674354550     
           6           7  0.99719658012753620     
           7           8   1.8806219904146821     
           8           9   1.0240915973873124     
           8          10   1.0197996770368836     
           1          11  0.97488778916920271     
           1          12  0.97905840567374092     
           2          13  0.96414817254478979     
           4          14  0.97933111922882654     
           4          15  0.97225828336847397     
           4          16  0.97300764404988827     
           5          17  0.96561011414359454     
           6          18  0.96145426159784997     
           6          19  0.96208884342626921     
           7          20  0.96519459894549553     
           9          21  0.97241474116500137     
           9          22  0.97941242796408801     
           9          23  0.97325222409464973     
          10          24  0.97330899507376889     
          10          25  0.98543637727261413     
          10          26  0.97410128152907594     
