   -0.11379836
    0.08982023
   -0.31806203
    0.08334748
    0.07165499
   -0.25918282
    0.33702295
   -0.41647904
    0.12269758
   -0.44109946
   -0.06146445
   -0.05639858
   -0.05907633
   -0.05675181
   -0.06231468
    0.05722719
    0.05834601
    0.04813953
    0.02285163
    0.02026706
    0.03800038
    0.02862413
    0.07389398
    0.07743683
    0.30824714
    0.03722613
    0.04022790
    0.03327741
    0.05618608
    0.03317089
    0.03431912
    0.03381385
    0.05613088
    0.04239520
    0.04030299
