           1           2   1.0157078522605538     
           2           3  0.97258384781232898     
           3           4  0.99436870234961483     
           4           5  0.98955443990436787     
           5           6  0.94112427566153822     
           6           7   1.1476981335354433     
           6           8  0.16716274491274238     
           7           8   1.7292027429740164     
           7           9  0.93631908888760684     
           9          10   1.0013112894911189     
           9          11  0.95297233134705472     
          11          12   1.0066339227409729     
          12          13   1.0095803806912484     
          13          14   1.0095664042314985     
           9          15  0.95611969435722666     
          14          15   1.0068988450497360     
           1          16  0.98569152929516679     
           1          17  0.98562222862848770     
           1          18  0.98504488063793327     
           2          19  0.96871567074917908     
           2          20  0.96889402437700300     
           4          21  0.96543198989957302     
           4          22  0.96563258531598950     
           5          23  0.96672020493589128     
           5          24  0.96882243785107214     
          10          25  0.86805040217700358     
          11          26  0.97669623353336810     
          11          27  0.97506418213411117     
          12          28  0.97558520840387408     
          12          29  0.97478248888290886     
          13          30  0.97692833354985698     
          13          31  0.97727411694994859     
          14          32  0.97569813291017360     
          14          33  0.97484470527684941     
          15          34  0.97468395295183963     
          15          35  0.97641732022018290     
