           1           2   1.7727656987928238     
           1           3  0.16976879935887790     
           2           3   1.1202809110079557     
           2           4  0.98096224187220193     
           4           5   1.0069429526384597     
           5           6  0.99556917389662736     
           6           7  0.99643382398167413     
           7           8   1.0082358851757245     
           8           9   1.0090263334207821     
           9          10   1.0091999327188026     
           6          11  0.99814120676400631     
          10          11   1.0076976353246963     
           3          12  0.86760987719083016     
           4          13  0.95018464116686752     
           4          14  0.94956792984943217     
           5          15  0.97557145292651792     
           5          16  0.97328129646475747     
           6          17  0.96662213995809265     
           7          18  0.97648631652457130     
           7          19  0.97643830163899659     
           8          20  0.97744761707476269     
           8          21  0.97754998555201467     
           9          22  0.97752471834369570     
           9          23  0.97774152434830086     
          10          24  0.97765546857447627     
          10          25  0.97763368216439184     
          11          26  0.97628141562346471     
          11          27  0.97469725805406415     
