           1           2  0.98853746354082705     
           2           3   1.0520079725635529     
           3           4   1.3495618783843981     
           4           5   1.4733527653422402     
           5           6   1.3916898494291150     
           6           7   1.0240159383756418     
           4           8  0.10931821850945452     
           6           8   1.4219535284660518     
           3           9   1.3800960789098533     
           5           9  0.10314088485709609     
           8           9   1.4360677673779212     
           1          10  0.97665307471661400     
           1          11  0.97665413309201421     
           1          12  0.97992149428770448     
           4          13  0.96848278113605502     
           5          14  0.96917189794743519     
           7          15  0.98249399837259588     
           7          16  0.98258877777338949     
           7          17  0.96912200882747745     
           8          18  0.96979079348041486     
           9          19  0.96657517545242211     
