   -0.11080909
   -0.01477101
   -0.10746856
   -0.00303190
   -0.16404493
    0.26781494
   -0.44009123
    0.05513937
   -0.32538618
    0.09329912
   -0.06658164
    0.01858230
   -0.03691641
   -0.02942134
   -0.03162959
   -0.02920644
   -0.03462626
    0.03579045
    0.04217650
    0.04305121
    0.03064169
    0.04477258
    0.03760017
    0.03533546
    0.07897114
    0.04177026
    0.19249879
    0.04217570
    0.04358984
    0.02144726
    0.02167889
    0.04505725
    0.05264826
    0.02840559
    0.03129688
    0.03085065
    0.02998197
    0.02940828
