           1           2   1.0079123414354050     
           2           3   1.0101925150712672     
           2           4  0.98520094982904238     
           4           5  0.99344144570427506     
           5           6   1.2864065420482316     
           5           7  0.20606203680579274     
           6           7   1.6719190796498316     
           6           8  0.94396613142056796     
           8           9  0.98705932917415684     
           9          10  0.97505094416555993     
          10          11  0.98551065284665340     
          11          12   1.0097111800617293     
          12          13   1.4128945574002039     
          13          14   1.4469420770190196     
          12          15  0.11027012867282740     
          14          15   1.4372935996313154     
          13          16  0.11135071418979106     
          15          16   1.4393811814742377     
          12          17   1.4145766245584108     
          14          17  0.11074535935773917     
          16          17   1.4435135250516473     
           1          18  0.98643984455037770     
           1          19  0.98581958693764915     
           1          20  0.98631835092662312     
           2          21  0.96675295159122121     
           3          22  0.98594494739310878     
           3          23  0.98610927414855853     
           3          24  0.98544396309708771     
           4          25  0.96475287533604126     
           4          26  0.96567487079650727     
           5          27  0.92222242618853512     
           8          28  0.95351442640500650     
           8          29  0.95443504760963482     
          10          30  0.96748805475139421     
          10          31  0.96691672479973434     
          11          32  0.96977259913414715     
          11          33  0.97359215569080804     
          13          34  0.96954296671549878     
          14          35  0.97119039621336190     
          15          36  0.97150503298689228     
          16          37  0.97009736900677179     
          17          38  0.96837819485568510     
