           1           2   1.0259243821256609     
           2           3   1.3701267858406065     
           3           4   1.4706018587248724     
           4           5   1.3560163460987744     
           5           6   1.2933369196027809     
           2           7   1.4473290669495009     
           4           7  0.10581126797292931     
           6           7   1.3617667750978615     
           6           8   1.0771725693299272     
           8           9   1.7915933506381148     
           8          10  0.96178119298153919     
           5          11   1.0904435752721378     
          10          11  0.97258452193459555     
           1          12  0.98442346798681546     
           1          13  0.96816887100934279     
           1          14  0.97661862613365646     
           3          15  0.96886729707651409     
           4          16  0.96692756640015365     
           7          17  0.96528447614042190     
          10          18  0.94555857686212452     
          10          19  0.94554193090286631     
