           1           2   1.0171423486973650     
           2           3  0.98100743440185290     
           3           4   1.4109478650079210     
           4           5   1.4416232858859201     
           3           6  0.10593031809590067     
           5           6   1.4346044232862054     
           4           7  0.10892589713586900     
           6           7   1.4401359079340852     
           3           8   1.3795905221156901     
           5           8  0.10061959399464494     
           7           8   1.4070262139898284     
           8           9  0.97586986222086480     
           2          10  0.93673362575692187     
          10          11  0.94897680874639367     
          10          12  0.97526841843638878     
          10          13  0.97594063444383738     
           1          14  0.87879002913337501     
           2          15  0.94153909185150186     
           4          16  0.96217615587580063     
           5          17  0.96886878501884477     
           6          18  0.96849214902624980     
           7          19  0.96637290139823961     
