           1           2   1.0185892897736928     
           2           3  0.98306697124593634     
           3           4   1.0169583461475533     
           4           5   1.0333917534452843     
           4           6   1.7359050663136633     
           6           7   1.1053652360504136     
           4           8  0.11219188057626757     
           7           8   2.7785690964886793     
           6           9  0.98568512179456769     
           9          10  0.99025646311647220     
          10          11   1.0182147352288151     
           1          12  0.98612836010069849     
           1          13  0.98765605754500929     
           1          14  0.98762687338839050     
           2          15  0.97791455283960904     
           2          16  0.97794046388485378     
           3          17  0.96842456313521730     
           3          18  0.97086649350630039     
           5          19  0.96760469440378793     
           5          20  0.96401667098335908     
           5          21  0.97948628580028507     
           9          22  0.97084535289740637     
           9          23  0.96945282288996559     
          10          24  0.97857646715127555     
          10          25  0.97849420039654367     
          11          26  0.98774789355739478     
          11          27  0.98644831269928890     
          11          28  0.98765314507150170     
