           1           2  0.99959586239743692     
           2           3  0.99753696951510629     
           3           4   1.0067801529169202     
           4           5   1.0068651378877065     
           5           6   1.0068687164886867     
           6           7   1.0066249727966083     
           7           8   1.0077444904757737     
           8           9   1.0063087868476936     
           9          10  0.99859000050895708     
          10          11  0.99799888891814659     
           1          12  0.90351187316444914     
           2          13  0.97291697676322908     
           2          14  0.97028273669009013     
           3          15  0.97607593620335142     
           3          16  0.97674278067741338     
           4          17  0.97732065967364035     
           4          18  0.97715257262026689     
           5          19  0.97735152391490288     
           5          20  0.97736277643330061     
           6          21  0.97718412925180942     
           6          22  0.97746874416058338     
           7          23  0.97626962728616451     
           7          24  0.97715501786518910     
           8          25  0.97657304195531847     
           8          26  0.97717239807481104     
           9          27  0.97621146517645974     
           9          28  0.97631487748272283     
          10          29  0.96970150280594647     
          10          30  0.97276849014897326     
          11          31  0.90418645551437893     
