           1           2   1.0093163018232301     
           2           3   1.0094429857146021     
           2           4  0.98977353042164062     
           4           5  0.98238313363023211     
           5           6  0.98777882656913873     
           6           7  0.99334127873347411     
           7           8   1.4181191323461129     
           8           9   1.4418944355657333     
           7          10  0.11024008050572673     
           9          10   1.4410420916643170     
           8          11  0.11070688524990591     
          10          11   1.4362514910841049     
           7          12   1.4112779651891401     
           9          12  0.11216171728498484     
          11          12   1.4481597934899357     
           1          13  0.98683690616497688     
           1          14  0.98518582390125808     
           1          15  0.98681749779238492     
           2          16  0.96878806171202414     
           3          17  0.98521379460570946     
           3          18  0.98670012097541104     
           3          19  0.98697471817933524     
           4          20  0.96703982942600408     
           4          21  0.96654476791275301     
           6          22  0.95577946913931411     
           6          23  0.96359239091558713     
           8          24  0.96903063597956574     
           9          25  0.97115153653470554     
          10          26  0.97150293866927295     
          11          27  0.97103926160146581     
          12          28  0.96790131633814225     
