           1           2  0.98346540794132575     
           2           3  0.99878074700795794     
           3           4   1.8708568851026688     
           4           5   1.0271447970198997     
           2           6  0.97673532652488970     
           6           7   1.4141580464281649     
           7           8   1.4429440155151807     
           6           9  0.10944575748652274     
           8           9   1.4399102075747026     
           7          10  0.11080443755510042     
           9          10   1.4371363397746209     
           6          11   1.4109489706442513     
           8          11  0.11148453284408236     
          10          11   1.4465821053706891     
           1          12  0.98623777213443509     
           1          13  0.98435371214432754     
           1          14  0.98520112200302912     
           2          15  0.96271594377712322     
           3          16  0.94703103918374465     
           5          17  0.89524817950584801     
           7          18  0.96830076474011961     
           8          19  0.97091950582464126     
           9          20  0.97141285143551093     
          10          21  0.97114686716569865     
          11          22  0.96720221315736310     
