   -0.10277465
   -0.05403615
   -0.05990985
   -0.06093577
   -0.06163459
   -0.05997979
   -0.09167785
    0.36589409
   -0.34412693
   -0.28200040
    0.37170196
   -0.34317189
   -0.09283897
   -0.05310108
   -0.05845913
   -0.06127151
   -0.05920805
   -0.05323236
   -0.10247355
    0.03307819
    0.03308473
    0.03367857
    0.03048138
    0.03050553
    0.03081742
    0.03136143
    0.02883460
    0.03384789
    0.03319138
    0.04088067
    0.04940134
    0.05064178
    0.07457445
    0.07561656
    0.07213978
    0.07011773
    0.04534908
    0.04190634
    0.03517276
    0.03503597
    0.02907356
    0.04050810
    0.03557407
    0.02832812
    0.03220890
    0.02725583
    0.03231238
    0.03539619
    0.03286175
