           1           2   1.0189834164186153     
           2           3   1.0090330027246717     
           3           4   1.0059773799954235     
           4           5   1.0089151109772507     
           5           6   1.0068736649574566     
           6           7   1.0053865193764446     
           7           8  0.98313439857663665     
           8           9   1.8424732395284844     
           8          10   1.0090609886324318     
           9          10  0.13463303338917995     
          10          11   1.0095189782091598     
          10          12  0.13350338095038003     
          11          12   1.8454321078998055     
          11          13  0.97983154551854879     
          13          14  0.98186087997705807     
          14          15   1.0075095039037048     
          15          16   1.0076095684037150     
          16          17   1.0069652264988462     
          17          18   1.0078658243427354     
          18          19   1.0191796387759235     
           1          20  0.98804376712881248     
           1          21  0.98783492751680080     
           1          22  0.98752232301060716     
           2          23  0.97831749819001745     
           2          24  0.97613079700609640     
           3          25  0.97723373074494946     
           3          26  0.97719164026523486     
           4          27  0.97552529657540987     
           4          28  0.97673418058008765     
           5          29  0.97664548892559566     
           5          30  0.97354473422863297     
           6          31  0.97525439872739983     
           6          32  0.97567248054485034     
           7          33  0.94901392131253770     
           7          34  0.94469027773659697     
          13          35  0.97099657638508341     
          13          36  0.95486225439803529     
          14          37  0.97524459410991127     
          14          38  0.97731143508352047     
          15          39  0.97528036446227462     
          15          40  0.97583591279017734     
          16          41  0.97724295444999254     
          16          42  0.97565017822870415     
          17          43  0.97729361399698345     
          17          44  0.97739627044535160     
          18          45  0.97845243745683153     
          18          46  0.97870165978609769     
          19          47  0.98804823087825433     
          19          48  0.98788835132888986     
          19          49  0.98753521052723958     
