           1           2   1.0128787515538578     
           2           3  0.91345902915938226     
           3           4   1.6402376476901457     
           3           5   1.6124390224661240     
           4           5  0.11048513734768572     
           3           6  0.75115934680160545     
           6           7   1.4218110926251042     
           7           8   1.4414023149802719     
           6           9  0.10659834439068969     
           8           9   1.4363078633322004     
           7          10  0.11317745812455604     
           9          10   1.4425173309345194     
           6          11   1.4277192669579424     
           8          11  0.11178914330797302     
          10          11   1.4338458414182365     
           1          12  0.98038461248053255     
           1          13  0.97718140594849623     
           1          14  0.98287639912640246     
           2          15  0.93469794871819323     
           7          16  0.96521048262344666     
           8          17  0.96878456543534819     
           9          18  0.96974727561951468     
          10          19  0.96888098355115471     
          11          20  0.96377899138222489     
