   -0.13578317
    0.27239461
   -0.43694847
   -0.10230916
    0.00684539
   -0.06677113
   -0.00912596
   -0.10739382
   -0.10988905
    0.06455426
   -0.04497222
   -0.02880381
   -0.03394686
   -0.02818808
   -0.04478414
    0.04599418
    0.06818119
    0.06195029
    0.03898890
    0.06511718
    0.03115485
    0.05821328
    0.02367028
    0.03982483
    0.03627740
    0.03155548
    0.04402869
    0.03311694
    0.03606994
    0.04212245
    0.03654397
    0.03562564
    0.03701055
    0.03967559
