           1           2  0.98507327635912456     
           2           3   1.6895027899910933     
           2           4   1.2051335146259532     
           3           4  0.17393668434173029     
           4           5  0.96721260115183838     
           5           6  0.99737154999794997     
           6           7  0.99506863927148492     
           7           8   1.0080029868469487     
           7           9   1.0097431350489829     
           4          10   1.0370330652551603     
          10          11   1.3844959581190903     
          11          12   1.4492457968619590     
          10          13  0.10281496670119689     
          12          13   1.4355590284785373     
          11          14  0.10811701395038263     
          13          14   1.4337803032747409     
          10          15   1.3808200225253737     
          12          15  0.10827413867022638     
          14          15   1.4509438178049840     
           1          16  0.98094737919500541     
           1          17  0.97560208363593204     
           1          18  0.96360097839552861     
           5          19  0.97384521121082201     
           5          20  0.96399161821481616     
           6          21  0.97302651697307552     
           6          22  0.97326985655082532     
           7          23  0.96901397723687444     
           8          24  0.98677487438816436     
           8          25  0.98627165699253627     
           8          26  0.98682741148734987     
           9          27  0.98606894116386701     
           9          28  0.98553922953903639     
           9          29  0.98603418089497874     
          11          30  0.96569743849430900     
          12          31  0.97066519399907603     
          13          32  0.97124012923939584     
          14          33  0.97049957772376683     
          15          34  0.96786114733444673     
