           1           2   1.0191440849289903     
           2           3   1.0078048654146610     
           3           4   1.0069971250179230     
           4           5   1.0079791316946267     
           5           6   1.0063118512789488     
           6           7   1.0083966568766376     
           7           8   1.0066345082311119     
           8           9  0.98123767278415719     
           9          10   1.7728095381005839     
           9          11   1.1209320736426667     
          10          11  0.17006555964728795     
           1          12  0.98752572133703564     
           1          13  0.98798775042733933     
           1          14  0.98801814777557651     
           2          15  0.97854213682677782     
           2          16  0.97865452341566717     
           3          17  0.97741198580502542     
           3          18  0.97754726075735610     
           4          19  0.97553621387560030     
           4          20  0.97728452926811094     
           5          21  0.97685243859305215     
           5          22  0.97724161073904758     
           6          23  0.97690173663142132     
           6          24  0.97706848227094034     
           7          25  0.97578220023460394     
           7          26  0.97400276828527443     
           8          27  0.95099660646666861     
           8          28  0.95129606541669576     
          11          29  0.86747424042912846     
