           1           2   1.0437662511250592     
           2           3   1.9252288644907083     
           3           4   1.0181744349062452     
           4           5  0.91822758302914798     
           5           6   1.1657763415737463     
           5           7  0.17474294709762050     
           6           7   1.7317644136241270     
           6           8  0.93988107442955893     
           8           9  0.97224581431473756     
           8          10   1.0126642594587199     
           1          11  0.96786365513070938     
           1          12  0.98498893682497957     
           1          13  0.96757571250270136     
           2          14  0.96416738175046701     
           3          15  0.96232567916499046     
           4          16  0.96573395027631714     
           4          17  0.95575490219954329     
           8          18  0.94961087892971530     
           9          19  0.98539985115302131     
           9          20  0.98647374765711060     
           9          21  0.98170628198552545     
          10          22  0.87216599631708847     
