           1           2   1.0019066270840131     
           2           3   1.4045372479048146     
           3           4   1.4420950819004767     
           4           5   1.4312395173061603     
           3           6  0.10651213693880360     
           5           6   1.4422709900064181     
           2           7   1.3575148343942711     
           4           7  0.10283813266250359     
           6           7   1.4014866269561548     
           7           8   1.0029414443204612     
           8           9  0.95268781231488764     
           8          10  0.96658698355032591     
           8          11  0.95268782143639030     
           3          12  0.96497453596177096     
           4          13  0.96769506572420905     
           5          14  0.96794362629317643     
           6          15  0.95909600456344757     
