           1           2   1.9741859581737069     
           2           3   1.0287771082107837     
           3           4   1.0077950269603815     
           4           5  0.97095231685307293     
           5           6   1.7554930232510646     
           5           7   1.1297324558733421     
           6           7  0.17116514862688642     
           7           8  0.93676718011483540     
           8           9   1.0055032496061527     
           9          10   1.0061041759987961     
          10          11   1.0196024946171260     
           1          12  0.97425887820600432     
           1          13  0.97708232181643240     
           2          14  0.96601766973381875     
           3          15  0.95695634022690801     
           3          16  0.95695642643499079     
           4          17  0.95343470172388634     
           4          18  0.95343411848244419     
           8          19  0.96857617705181442     
           8          20  0.96857623761384870     
           9          21  0.97539182208487563     
           9          22  0.97539184820055658     
          10          23  0.97810060074830840     
          10          24  0.97810060263457688     
          11          25  0.98764047345000960     
          11          26  0.98691353601741139     
          11          27  0.98764046952391427     
