           1           2   1.0199155154076371     
           2           3  0.98579744570722749     
           3           4  0.99658236349069540     
           3           5  0.99899432728083315     
           5           6   1.4173931070664894     
           6           7   1.4402510063952652     
           7           8   1.3785492219452213     
           8           9   1.0445590886551921     
           9          10  0.97236912504205419     
          10          11  0.99052586379929775     
          11          12   1.0128400080150546     
           6          13  0.10987081061283621     
           8          13   1.3550118874102259     
           5          14   1.3963896603864723     
           7          14  0.10279704840312645     
          13          14   1.4670670815807396     
           1          15  0.98777456920015982     
           1          16  0.98665754938510009     
           1          17  0.98732541124970663     
           2          18  0.97693812891159704     
           2          19  0.97595685226496987     
           3          20  0.96679944971081955     
           4          21  0.98731351009748392     
           4          22  0.98572734463254785     
           4          23  0.98564706536584223     
           6          24  0.96671179337667967     
           7          25  0.96664073288880481     
          10          26  0.96735874915424569     
          10          27  0.96683495478764436     
          11          28  0.97161418043377379     
          11          29  0.96742722713250706     
          12          30  0.89154815855463487     
          13          31  0.96851432040520025     
          14          32  0.96791933071054359     
