           1           2   1.0555940922269669     
           2           3   1.8505589358372045     
           3           4   1.0304453099493720     
           4           5   1.7180828178347942     
           4           6   1.1059541110514579     
           5           6  0.16686307118693031     
           6           7  0.96332652606672442     
           1           8  0.96080535233894448     
           1           9  0.96080537917757058     
           1          10  0.98399756689141860     
           2          11  0.96051438482892426     
           3          12  0.96353715094936798     
           7          13  0.98220684209107023     
           7          14  0.97673192975747758     
           7          15  0.97673194251997963     
