           1           2  0.99318873605213542     
           2           3  0.96640108624584564     
           3           4  0.97585619763383435     
           4           5   1.0131216595962411     
           3           6  0.97750483107017927     
           6           7   1.0123460733897920     
           1           8  0.97928274799943316     
           1           9  0.97769197545601116     
           1          10  0.97695811813975686     
           3          11  0.96008125292631874     
           4          12  0.96468634521148944     
           4          13  0.97103105979413318     
           5          14  0.88465121029195781     
           6          15  0.97130405416154941     
           6          16  0.96539136555862370     
           7          17  0.88967086603629364     
