           1           2   1.0199508256366312     
           2           3  0.92320103818937427     
           3           4   1.1718305430977749     
           3           5  0.18813299013298829     
           4           5   1.7455567901732998     
           4           6  0.89064296998241299     
           6           7   1.9065444453346072     
           6           8  0.95507990798046782     
           8           9  0.98811262991816839     
           8          10  0.96181420594531875     
           8          11  0.99481779906076762     
           1          12  0.98234098551556437     
           1          13  0.98436303069898101     
           1          14  0.98515325718621871     
           2          15  0.96788982316558614     
           2          16  0.96854539608746337     
           9          17  0.98267604508986017     
           9          18  0.98251801404382189     
           9          19  0.98627753562466713     
          10          20  0.98137359156805892     
          10          21  0.98540988588160405     
          10          22  0.97768483816917762     
          11          23  0.98543067862260414     
          11          24  0.98299947339931215     
          11          25  0.98417980880779665     
