           1           2   1.9779816463001900     
           2           3   1.0071424994846752     
           3           4  0.99659329015121156     
           4           5   1.4373548222147419     
           5           6   1.4044269879490121     
           6           7   1.4178195999588026     
           7           8   1.2944409513717985     
           4           9   1.3739166278015167     
           8           9   1.4218206631471029     
           8          10   1.0246317642521789     
          10          11  0.97991462388773698     
           7          12   1.0222080484590290     
          11          12  0.98075868378093056     
           1          13  0.97509419208476467     
           1          14  0.97611790399958109     
           2          15  0.96702204432711869     
           3          16  0.95963173700680193     
           3          17  0.96855200726614632     
           5          18  0.96858895273334000     
           6          19  0.96757588798721084     
           9          20  0.96579620097859786     
          11          21  0.96143360398418065     
          11          22  0.96140112727465432     
