           1           2   1.4435840042612291     
           2           3   1.4386485570592236     
           1           4  0.10923662288562470     
           3           4   1.4178773059995653     
           4           5  0.99575051808800896     
           5           6  0.99386671034229779     
           6           7   1.3860159849862286     
           7           8   1.4596831251724225     
           6           9  0.11099437710693612     
           8           9   1.4287210024410333     
           7          10  0.11628377918093170     
           9          10   1.4338210680291146     
           6          11   1.4178181058677257     
          10          11   1.4340457122274257     
           2          12  0.11231519821701681     
           4          12   1.4055625823556219     
           1          13   1.4327219368202795     
           3          13  0.10959374132858678     
          12          13   1.4524412302861938     
           1          14  0.97160132244515507     
           2          15  0.97122074803492120     
           3          16  0.96902526590154703     
           5          17  0.96285677182693696     
           5          18  0.96148614950633338     
           7          19  0.96920029197496027     
           8          20  0.97019653746682188     
           9          21  0.97077448036638192     
          10          22  0.96381666758709550     
          12          23  0.96960466921395350     
          13          24  0.97114063379029192     
