           1           2   1.0207256932832256     
           2           3  0.95992617580820916     
           3           4   1.6992154978599634     
           3           5   1.2399970732099106     
           4           5  0.19492318560464225     
           5           6  0.97916171657554019     
           6           7   1.0003296570259865     
           6           8   1.0012204140020371     
           1           9  0.98610455477125913     
           1          10  0.98714758279893244     
           1          11  0.98751801842511322     
           2          12  0.96256811478326665     
           2          13  0.96590999773454733     
           5          14  0.94426877639162099     
           6          15  0.95759262574122550     
           7          16  0.98584900929025410     
           7          17  0.98428659987224409     
           7          18  0.98630155995009328     
           8          19  0.98428641838526643     
           8          20  0.98626770402498354     
           8          21  0.98572944295659926     
