           1           2   1.0248107316105581     
           2           3   1.4076761405315559     
           3           4   1.4397507483569782     
           2           5  0.10357192777917948     
           4           5   1.4258715547645817     
           5           6  0.99796908641700521     
           6           7  0.99727641318505855     
           6           8  0.99786666338513985     
           5           9   1.3407257367040466     
           9          10   1.0591819223484262     
           2          11   1.4137757159555600     
           4          11  0.10142779986940517     
           9          11   1.3867611879150668     
           1          12  0.98228756975833054     
           1          13  0.96830625575877805     
           1          14  0.98240267811505466     
           3          15  0.96970505015893182     
           4          16  0.96647984553867838     
           6          17  0.96546765905965071     
           7          18  0.98590827555989469     
           7          19  0.98557354056100066     
           7          20  0.98774527604809381     
           8          21  0.98773992564403668     
           8          22  0.98596929395402289     
           8          23  0.98537069815877965     
          10          24  0.88973204929154781     
          11          25  0.96404799217686443     
