   -0.11817308
    0.04211637
   -0.11492399
   -0.01854476
   -0.05493529
    0.15017500
   -0.12482306
   -0.11981058
   -0.05825585
    0.36027543
   -0.41773452
   -0.26993994
    0.12606666
    0.11566398
   -0.19577836
    0.00766082
   -0.04490619
   -0.02485447
   -0.05170120
    0.14780206
   -0.25363979
    0.14324042
   -0.05499647
   -0.03136770
   -0.03846340
   -0.02760793
   -0.04949167
   -0.05644464
    0.06875104
    0.04792300
    0.05213748
    0.04700381
    0.05402453
    0.05403558
    0.07626389
    0.07976066
    0.06197523
    0.08932249
    0.04126843
    0.05072298
    0.05801394
    0.03576348
    0.03639382
    0.03727597
    0.04195210
    0.05189680
    0.04890691
