           1           2   1.0112459747101432     
           2           3   1.0094796207218650     
           2           4  0.92556607839898353     
           4           5   1.0648973880510000     
           5           6   1.7740215561124066     
           6           7  0.99684751069540134     
           6           8   1.0005723028157443     
           2           9  0.89443679918110264     
           4           9  0.88009090969762349     
           9          10   1.0248417555647278     
          10          11   1.7239644965627507     
          10          12   1.0946879128881588     
          11          12  0.16106271274699946     
          12          13  0.93231195625210372     
          13          14   1.0086659282700063     
          14          15   2.8685756332372874     
          13          16  0.95296978434971924     
          16          17   1.4026891871407137     
          17          18   1.4374552790118378     
          16          19  0.10308026752898083     
          18          19   1.4502009854777633     
          19          20   1.3694216103591461     
          20          21   1.0363702395550036     
          21          22   1.0156812231242252     
          22          23   1.3788031964639471     
          23          24   1.4467176039925109     
          22          25  0.10012096387666818     
          24          25   1.4357158912911339     
          23          26  0.10823180952358927     
          25          26   1.4331923569384619     
          22          27   1.3751097712544689     
          24          27  0.10852783742672278     
          26          27   1.4523165338378050     
          16          28   1.4282818161735713     
          18          28  0.10392993035758977     
          20          28   1.3690092151915385     
           1          29  0.97712064034653212     
           1          30  0.97607387801833179     
           1          31  0.97850193672779828     
           3          32  0.98162879046283891     
           3          33  0.97823956782162214     
           3          34  0.97722523588505927     
           4          35  0.95775197465282957     
           5          36  0.94879601565763449     
           9          37  0.96518803194804326     
          13          38  0.91827409775919189     
          17          39  0.96923178517686637     
          18          40  0.96915324686883875     
          19          41  0.96746287776078776     
          23          42  0.96729845731531239     
          24          43  0.96676498555549117     
          25          44  0.97107671828887820     
          26          45  0.97035520188622171     
          27          46  0.96806864600257980     
          28          47  0.96323374911033754     
