           1           2  0.95604587389044970     
           2           3   1.1237306434256460     
           2           4  0.17407746154584014     
           3           4   1.7451495647238677     
           3           5  0.97991531137002075     
           5           6   1.4036649426866390     
           6           7   1.4428249340988797     
           5           8  0.10403458611860161     
           7           8   1.4325302580343058     
           6           9  0.10586689412724420     
           8           9   1.4428249368513935     
           5          10   1.3588342890991825     
           7          10  0.10403452946127031     
           9          10   1.4036649012116302     
          10          11  0.97991548378131577     
          11          12   1.7451495389221714     
          11          13   1.1237305261842321     
          12          13  0.17407743978329185     
          13          14  0.95604588025001969     
           1          15  0.98165681097608570     
           1          16  0.97629111173464223     
           1          17  0.97662447109014461     
           6          18  0.96602721139737668     
           7          19  0.96885022655822561     
           8          20  0.96885023142097138     
           9          21  0.96602719032698980     
          14          22  0.98165681576879016     
          14          23  0.97629111748937869     
          14          24  0.97662447459348067     
