   -0.10754901
    0.00488548
   -0.10878225
   -0.06048368
   -0.05586570
   -0.06917534
    0.13859437
   -0.11875095
   -0.45547570
   -0.02615257
   -0.05799124
   -0.05705387
    0.00258919
   -0.10865045
   -0.06086949
   -0.05914126
    0.03909028
    0.04453332
    0.03728190
    0.04030355
    0.03496911
    0.04076323
    0.02136596
    0.04695739
    0.03215935
    0.03121622
    0.02822913
    0.04830851
    0.02939844
    0.03679260
    0.28386212
    0.04963162
    0.03357423
    0.03469489
    0.01925196
    0.04027606
    0.03609410
    0.04052569
    0.03455613
    0.03830867
    0.03234754
    0.04538048
