           1           2   1.0237802143229855     
           2           3   1.0213896510390630     
           2           4   1.8841520918289056     
           4           5   1.0216662659600153     
           5           6  0.98784538029016011     
           6           7  0.97373867756768007     
           7           8  0.99002711016305345     
           7           9  0.97222816261288525     
           7          10  0.96768862666254596     
          10          11  0.99750730084991268     
          11          12   1.0199164547278667     
          12          13   1.8861896036935200     
          13          14   1.0224968990633647     
          13          15   1.0094557524870371     
          10          16  0.99646048646501340     
          15          16   1.0057986562561456     
           1          17  0.97673793647797669     
           1          18  0.97833638149178437     
           1          19  0.97053751035393909     
           3          20  0.97462270027681552     
           3          21  0.98540950000974437     
           3          22  0.97302344904890592     
           4          23  0.96601327238986701     
           5          24  0.96386719048562686     
           5          25  0.97222146714219471     
           6          26  0.97584608350406377     
           6          27  0.97389866001727265     
           8          28  0.98292716936024005     
           8          29  0.98409938428858990     
           8          30  0.98179250776530658     
           9          31  0.89984559015551546     
          10          32  0.96223330249255568     
          11          33  0.95568179100786144     
          11          34  0.96447234372855284     
          12          35  0.96574605849347750     
          14          36  0.97296011395654480     
          14          37  0.98528018799038986     
          14          38  0.97442529948597056     
          15          39  0.96837499519008952     
          15          40  0.96055841270163012     
          16          41  0.97656550280554932     
          16          42  0.97496723662174567     
