           1           2  0.94915430980553395     
           2           3   1.1175340768005202     
           2           4  0.14827340117302448     
           3           4   1.6661878445945586     
           3           5   1.0953993622118479     
           4           5  0.14468248240924686     
           5           6  0.93758196673664640     
           6           7  0.99077383278497499     
           6           8  0.92822473020814900     
           8           9   1.7682908999047646     
           8          10   1.1516152165037521     
           9          10  0.17941695885467002     
          10          11  0.94769488027292048     
           1          12  0.97794072924836595     
           1          13  0.98042247607526445     
           1          14  0.97768809067188422     
           6          15  0.95610171646149056     
           7          16  0.98267385108313676     
           7          17  0.98270387170527429     
           7          18  0.97945379510609931     
          11          19  0.97601828990750850     
          11          20  0.97702995401880322     
          11          21  0.98127306532097203     
