           1           2   2.9022274827727763     
           2           3   1.0108677918306419     
           3           4  0.96174107661864561     
           3           5  0.95928550762762266     
           5           6   1.0082959011026640     
           6           7   1.0091342151941194     
           7           8   1.0090152508479875     
           3           9  0.96589505234049811     
           8           9   1.0088925630228023     
           1          10  0.97015116771479304     
           4          11  0.90216423200872997     
           5          12  0.97407231833321573     
           5          13  0.97645064224680300     
           6          14  0.97599646239197313     
           6          15  0.97685655501570867     
           7          16  0.97742646610230111     
           7          17  0.97718008678817614     
           8          18  0.97600950219000704     
           8          19  0.97685048794498608     
           9          20  0.97276833397446449     
           9          21  0.97561975106841370     
