           1           2  0.99413160275683454     
           2           3  0.99080957119684165     
           2           4  0.98229055495568451     
           2           5  0.94946233211466946     
           5           6   1.0186910833714347     
           6           7   1.4072492360658098     
           7           8   1.4436928866335030     
           6           9  0.10875561311350909     
           8           9   1.4394663802676948     
           7          10  0.10988947827630471     
           9          10   1.4361085000862834     
           6          11   1.4061978436163278     
           8          11  0.11070239619526956     
          10          11   1.4478063358949651     
           1          12  0.98459830189286812     
           1          13  0.98654055772512150     
           1          14  0.98350955502190707     
           3          15  0.98576541438965481     
           3          16  0.98473989738409951     
           3          17  0.98262458958585974     
           4          18  0.89234584305712716     
           5          19  0.97282803680494889     
           5          20  0.96901462922666548     
           7          21  0.96767458976578224     
           8          22  0.97129066552916954     
           9          23  0.97165935264081982     
          10          24  0.97129117588906655     
          11          25  0.96916392346057123     
