           1           2   1.0414419386704812     
           2           3   1.9371185887140951     
           3           4  0.98510420093149487     
           4           5  0.96788774417245593     
           5           6  0.96294361200608458     
           6           7   1.0033858515330774     
           6           8  0.98858467681908690     
           8           9  0.97728496753929361     
           9          10  0.99190895938798507     
           9          11  0.98945046200357478     
           4          12  0.97122773083088931     
           9          12  0.94778642518062817     
           1          13  0.96884580211782667     
           1          14  0.96889673516074959     
           1          15  0.98513105861364203     
           2          16  0.96400033833763554     
           3          17  0.96115789827196729     
           4          18  0.94095438136727760     
           6          19  0.95567214865052552     
           7          20  0.98465096876743452     
           7          21  0.98547129220414653     
           7          22  0.98487108511455523     
           8          23  0.97648261302487804     
           8          24  0.97366680416484741     
          10          25  0.98422589648772663     
          10          26  0.98418627182501306     
          10          27  0.98545712714267031     
          11          28  0.98516282890433249     
          11          29  0.98109805439391407     
          11          30  0.98505129076002329     
