   -0.11525564
    0.12012984
   -0.11747958
   -0.26103807
    0.37274751
   -0.43083942
   -0.08061948
   -0.07995014
    0.27131855
   -0.44934024
   -0.11255670
    0.05282998
   -0.11360727
   -0.11444973
    0.03758779
   -0.11442493
   -0.11346632
    0.04850834
    0.04648365
    0.05322150
    0.05137364
    0.05440295
    0.04736818
    0.05995568
    0.07466859
    0.05809848
    0.06305047
    0.04624980
    0.03810886
    0.06898461
    0.03892254
    0.03687298
    0.06904247
    0.03871463
    0.03411037
    0.04753985
    0.04539994
    0.04861336
    0.04429075
    0.04516304
    0.04585162
    0.04341752
