           1           2   1.0022583207552354     
           2           3   1.0069039023433604     
           2           4  0.91877161508936289     
           4           5   1.1568682373084422     
           4           6  0.17223616901972338     
           5           6   1.7333938569891487     
           5           7  0.96181326519791510     
           7           8   1.0033846768009507     
           8           9  0.95963670533666812     
           9          10   1.6602823186642148     
           9          11   1.2603125663769550     
          10          11  0.18904572839579087     
          11          12  0.95941709291739885     
          12          13   1.0023035433332406     
          12          14   1.0020100324811498     
          11          15  0.97864874101685462     
          15          16  0.99845884103741800     
          15          17  0.99962393968963636     
           1          18  0.98567327492611723     
           1          19  0.98439035465516034     
           1          20  0.98475936507521844     
           2          21  0.96067492329505422     
           3          22  0.98480116028405351     
           3          23  0.98430448306271012     
           3          24  0.98422404433330790     
           7          25  0.97042700995038655     
           7          26  0.95480542817802228     
           8          27  0.96068737581500319     
           8          28  0.96161318308629518     
          12          29  0.96048532636717920     
          13          30  0.98006705181504372     
          13          31  0.98586342396726978     
          13          32  0.98483938461350307     
          14          33  0.98045202105449802     
          14          34  0.98486171197695116     
          14          35  0.98631835517631106     
          15          36  0.95729421733100262     
          16          37  0.98299959649773450     
          16          38  0.98522648363484844     
          16          39  0.98458095745822849     
          17          40  0.98458010514324545     
          17          41  0.98160843025058830     
          17          42  0.98573329877083737     
