           1           2   1.0199839547523866     
           2           3  0.93124454173718052     
           3           4   1.1617375735351583     
           3           5  0.18585331921101475     
           4           5   1.7245527477194951     
           4           6  0.96215132810018678     
           6           7   1.6336246495371858     
           7           8   1.0905757439992088     
           8           9   1.8000092194438850     
           8          10  0.96908299088403582     
          10          11  0.98326908829550763     
          11          12  0.99463766387190466     
          11          13  0.98951896170395137     
           6          14   1.1482127435666329     
           7          14  0.13057398892902292     
          11          14  0.90972233876772679     
           1          15  0.98297798222557686     
           1          16  0.98481027697213974     
           1          17  0.98478521164368304     
           2          18  0.96721934956131417     
           2          19  0.96737925875339714     
           7          20  0.95773026032547448     
          10          21  0.96782892551200217     
          10          22  0.94850636528387433     
          12          23  0.98232607146172590     
          12          24  0.98349407078416395     
          12          25  0.98368948524622302     
          13          26  0.98333554958777780     
          13          27  0.98404719857389555     
          13          28  0.98201537018647289     
