           1           2   1.0107778947911585     
           2           3  0.97430884609823432     
           3           4  0.97766949115673751     
           4           5  0.99201030811570545     
           5           6  0.99201029212417779     
           2           7  0.97430885758851160     
           6           7  0.97766949209983423     
           1           8  0.88492192078395204     
           2           9  0.96254898392335142     
           3          10  0.96634267025190335     
           3          11  0.96907119206502634     
           5          12  0.96108078295397670     
           5          13  0.95141121223669911     
           7          14  0.96907119203401593     
           7          15  0.96634266863687768     
