           1           2  0.96430574276748826     
           2           3   1.1063323016460354     
           2           4  0.15088134319480598     
           3           4   1.6537433598240305     
           3           5   1.0623458953265021     
           5           6   1.3606075626537142     
           6           7   1.4859438370726643     
           7           8   1.3734284239623822     
           6           9  0.10563033975939658     
           8           9   1.5044276103849024     
           5          10   1.2671681596310831     
           9          10   1.3004687041567558     
          10          11   1.2612794862526193     
           1          12  0.97674532470685960     
           1          13  0.98210822437459078     
           1          14  0.97665617315546593     
           6          15  0.96631820337987340     
           7          16  0.97114089574401707     
           8          17  0.97090508133644005     
           9          18  0.96760276814537527     
          11          19  0.90743257383594156     
          11          20  0.95129601511487327     
