           1           2   1.0095205724061029     
           2           3   1.0083280486215147     
           2           4  0.99674383980334669     
           4           5   1.0068319372056072     
           5           6  0.98099933449568144     
           6           7   1.7725137973943952     
           6           8   1.1201547498124915     
           7           8  0.16967849562219880     
           1           9  0.98611168350853307     
           1          10  0.98659567018693117     
           1          11  0.98503187451069785     
           2          12  0.96874243857719922     
           3          13  0.98680143157977529     
           3          14  0.98631607720609016     
           3          15  0.98659658661399097     
           4          16  0.97347458073202653     
           4          17  0.97556741094239507     
           5          18  0.95277617043145924     
           5          19  0.94741823287437277     
           8          20  0.86776338769503492     
