           1           2   1.0251312629019946     
           2           3   1.8743883518131204     
           2           4  0.90557031648070196     
           4           5   1.8683491896680655     
           4           6   1.0142124026420554     
           6           7   1.0065652593080074     
           7           8  0.98414997835386508     
           8           9  0.99919624294225662     
           8          10  0.99919628859992238     
           8          11  0.99692203817761182     
           1          12  0.98165157831112504     
           1          13  0.94887266768997092     
           1          14  0.94887412797918780     
           6          15  0.93246285513932481     
           6          16  0.93246343538277121     
           7          17  0.97332338654422301     
           7          18  0.97332344341797983     
           9          19  0.98608097997623778     
           9          20  0.98320363167520652     
           9          21  0.98528313731255390     
          10          22  0.98608095729250189     
          10          23  0.98320346090584110     
          10          24  0.98528315027583480     
          11          25  0.98594605697796145     
          11          26  0.98536352940854255     
          11          27  0.98594605174963890     
