           1           2  0.99161778398923617     
           2           3  0.99204315729693449     
           3           4  0.99038845855918045     
           4           5  0.94082709007242060     
           5           6   1.1495225157748430     
           5           7  0.17109617305455607     
           6           7   1.7402659514104344     
           6           8  0.94307202457973760     
           8           9  0.97087500021532303     
           8          10   1.0138934697427613     
           1          11  0.97927397208014044     
           1          12  0.97706600942597710     
           1          13  0.97747294774503213     
           3          14  0.96611368111732210     
           3          15  0.96598459645870549     
           4          16  0.96851687234247186     
           4          17  0.96691189812295586     
           8          18  0.94803413516844937     
           9          19  0.98537896261239677     
           9          20  0.98117830235828341     
           9          21  0.98653468043775039     
          10          22  0.87179208498970140     
