           1           2  0.98874514534426350     
           2           3  0.98874518405202605     
           2           4  0.95705437150897310     
           4           5  0.96533028910406959     
           5           6  0.99355217474634883     
           5           7  0.97680413072310079     
           7           8   1.0012782711319776     
           2           9  0.97112544443373061     
           8           9  0.99774299878164718     
           9          10  0.99774298250616356     
           5          11  0.97680414367375545     
          10          11   1.0012782813148191     
           1          12  0.98635893453349044     
           1          13  0.98432989257128889     
           1          14  0.98239178811246242     
           3          15  0.98635893764654869     
           3          16  0.98239177283332269     
           3          17  0.98432988368190055     
           6          18  0.98430865543811796     
           6          19  0.98430865002184809     
           6          20  0.98591790089275477     
           7          21  0.97884201788694480     
           7          22  0.97979307250417047     
           8          23  0.97710592466930923     
           8          24  0.97843592501155285     
           9          25  0.96851298827489363     
          10          26  0.97843592414817537     
          10          27  0.97710595443331538     
          11          28  0.97979306511570086     
          11          29  0.97884199416488071     
