           1           2   1.4316913081239286     
           2           3   1.4558198117021133     
           3           4   1.3684471113835195     
           4           5   1.0723882404279141     
           5           6   1.1857944857647882     
           6           7   1.5863248936851271     
           7           8   1.2937862511945395     
           5           9   1.1857945034934203     
           6           9  0.12776232053802872     
           8           9   1.5863248836046355     
           2          10  0.10623891912606961     
           4          10   1.3684471361008848     
           1          11   1.4316913209979485     
           3          11  0.10623892046668447     
          10          11   1.4558197969407525     
           1          12  0.97137282410723580     
           2          13  0.97094443927855956     
           3          14  0.96351840035232050     
           6          15  0.96546904774300402     
           7          16  0.97477073483470855     
           8          17  0.97477073958564631     
           9          18  0.96546904790621646     
          10          19  0.96351839644050941     
          11          20  0.97094443954374143     
