   -0.10325357
   -0.05372592
   -0.06239392
    0.00733718
   -0.10547878
    0.26813118
   -0.43333369
   -0.07812714
   -0.09810912
    0.06416692
   -0.04413197
   -0.02858068
   -0.03360746
   -0.02777210
   -0.04485834
    0.03918916
    0.03388371
    0.03571452
    0.02767325
    0.03537359
    0.03131482
    0.05649507
    0.06241386
    0.03872145
    0.03619228
    0.05153105
    0.03724834
    0.06052784
    0.03577890
    0.04235487
    0.03723224
    0.03635990
    0.03779151
    0.03794103
