           1           2   1.0191562922433051     
           2           3   1.0063309351657641     
           3           4  0.99757919382334537     
           4           5  0.96759679707465318     
           5           6   1.2036119086628427     
           5           7  0.17393287221330675     
           6           7   1.6933833818596384     
           6           8  0.96881260147747550     
           8           9   1.0116296048000473     
           5          10   1.0343711212696809     
          10          11   1.3859938774999818     
          11          12   1.4484683486037335     
          10          13  0.10314199233342505     
          12          13   1.4361889003483435     
          11          14  0.10810768526943693     
          13          14   1.4334124483039419     
          10          15   1.3808903940969675     
          12          15  0.10845850408982723     
          14          15   1.4512435732604942     
           1          16  0.98765723292719831     
           1          17  0.98792506744410691     
           1          18  0.98719989344556125     
           2          19  0.97842170905891934     
           2          20  0.97816228915876169     
           3          21  0.97427395863703570     
           3          22  0.97426357518003659     
           4          23  0.96494136644017048     
           4          24  0.97421366675965904     
           8          25  0.97243434165289933     
           8          26  0.95682505916574945     
           9          27  0.98891425437764557     
           9          28  0.98446657398553616     
           9          29  0.98718127790154531     
          11          30  0.96554755137664772     
          12          31  0.97061567964784023     
          13          32  0.97119365111208678     
          14          33  0.97041912596256052     
          15          34  0.96804001881566759     
