           1           2   1.0126275687145594     
           2           3  0.93702464005733777     
           3           4   1.1267665282080845     
           3           5  0.16691764432755601     
           4           5   1.7228872636749222     
           4           6  0.99401649992821228     
           6           7  0.98991995208084549     
           7           8   1.0174656206642811     
           7           9   1.8397419938633022     
           6          10  0.88522694114646050     
           6          11  0.89328048334496857     
          10          11   1.0207319166814908     
           1          12  0.98322469771091237     
           1          13  0.98629328077627032     
           1          14  0.98469610644418548     
           2          15  0.96856616924491346     
           2          16  0.97221865540466534     
           8          17  0.98167612303546692     
           8          18  0.94298977761699609     
           8          19  0.96223672678798577     
          10          20  0.97705150308854105     
          10          21  0.97432366221381461     
          11          22  0.97775017842929768     
          11          23  0.97124168926194354     
