           1           2   1.0081089161927057     
           2           3  0.99807689798108301     
           3           4   1.0067136845843636     
           4           5  0.99701629837191086     
           5           6  0.95913571258207808     
           6           7  0.99341289222177942     
           6           8  0.98848403374093863     
           6           9  0.98809136921048912     
           5          10  0.98215335229904488     
          10          11  0.97317018053431981     
           2          12  0.99639925446049415     
          10          12  0.98978772621707212     
           1          13  0.98648539788278811     
           1          14  0.98665256579913918     
           1          15  0.98627801944898386     
           2          16  0.96792061285638886     
           3          17  0.97594906477064858     
           3          18  0.97607533497464793     
           4          19  0.97452599102659865     
           4          20  0.97251038768172249     
           5          21  0.96325908494848678     
           7          22  0.98238613313958500     
           7          23  0.98514854534458263     
           7          24  0.98545041239741960     
           8          25  0.98482768928816189     
           8          26  0.98340966187089873     
           8          27  0.98424763628181389     
           9          28  0.86697206861643561     
          10          29  0.95853046540620113     
          11          30  0.89510599693538750     
          12          31  0.97463136922232163     
          12          32  0.97350728339756443     
