   -0.15374560
    0.13995014
   -0.07161781
   -0.02151658
   -0.06224245
   -0.06868010
    0.11177946
   -0.12170658
   -0.21622184
    0.35976823
   -0.37511068
   -0.04709740
   -0.06379960
   -0.05732637
   -0.05699756
   -0.04952974
   -0.03078209
   -0.04990007
   -0.05528759
   -0.05712516
   -0.05264801
   -0.10231827
   -0.27595625
    0.08629488
   -0.07118507
    0.00450608
   -0.11211064
   -0.06171654
   -0.05505128
   -0.06012213
    0.00688809
   -0.10581650
   -0.10887846
    0.02949506
    0.03201820
    0.04513197
    0.05357540
    0.03957052
    0.04021276
    0.03736885
    0.06289075
    0.06410166
    0.05253674
    0.05952568
    0.03577150
    0.03369547
    0.03649546
    0.03030592
    0.04343874
    0.03265051
    0.04045826
    0.06935134
    0.03566938
    0.04025046
    0.02611195
    0.02968433
    0.02837129
    0.02827478
    0.02811879
    0.03056555
    0.03380996
    0.03292463
    0.03368335
    0.03030463
    0.03136798
    0.05228892
    0.04353925
    0.04352472
    0.04389528
    0.04498316
    0.04610940
    0.03427187
    0.03455762
    0.02381908
    0.03977083
    0.04014752
    0.04101661
    0.03634807
    0.04146612
    0.04183319
