           1           2   1.8264986160631944     
           2           3  0.99642054504510769     
           3           4  0.98369523496042399     
           4           5  0.99148533596220456     
           5           6   1.0006812032446257     
           6           7   1.0067854952219129     
           7           8   1.8233712389013459     
           8           9  0.95691159883049437     
           9          10   1.0939515318045285     
           9          11  0.15860127037412325     
          10          11   1.7942742939833578     
          10          12  0.94921530474027993     
          12          13  0.99107134654677476     
          13          14   1.0062400908182392     
          14          15   1.0081733715831429     
          12          16  0.96515369932926842     
          15          16   1.0077937868826994     
           4          17  0.98382143746070716     
           7          17  0.98994282465364469     
          17          18  0.97589138584210811     
          18          19   1.0084837116522902     
          19          20   1.0065388862487834     
          20          21   1.0076953719881432     
          21          22   1.0191445045978982     
           1          23  0.12683508121023684     
           2          23   1.0632188024171192     
          23          24  0.96460329915869258     
          24          25   1.0139111089416115     
          25          26   1.8827792576861406     
          26          27   1.0194236177197740     
          26          28   1.0112931163444832     
          28          29  0.98793767605529736     
          29          30   1.0196817377475589     
          30          31   1.8843172895602733     
          31          32   1.0239230314736170     
          31          33   1.0218490833780944     
           1          34  0.97270838075383659     
           1          35  0.97714990586232064     
           3          36  0.97266999266241305     
           3          37  0.96815834922876864     
           4          38  0.96668275102454193     
           5          39  0.97794937321421171     
           5          40  0.97947059180256169     
           6          41  0.96800070665112137     
           6          42  0.94908422149011562     
          12          43  0.96262660494293451     
          13          44  0.97318627461436324     
          13          45  0.98112421367134650     
          14          46  0.97943567093056960     
          14          47  0.97741716942195156     
          15          48  0.97834455535548970     
          15          49  0.97900481431196695     
          16          50  0.97823149714568280     
          16          51  0.97594433684162696     
          17          52  0.93948641375676178     
          18          53  0.97209983951847279     
          18          54  0.97454371487684377     
          19          55  0.97422554243026238     
          19          56  0.97561187691294871     
          20          57  0.97715734229038387     
          20          58  0.97742164694759082     
          21          59  0.97865233734376245     
          21          60  0.97848010117997397     
          22          61  0.98744544718651217     
          22          62  0.98801398503511140     
          22          63  0.98798875232068351     
          24          64  0.94875302901536296     
          24          65  0.95789328543341434     
          25          66  0.95754443548486146     
          27          67  0.97141903299341947     
          27          68  0.97237554366732337     
          27          69  0.98562831933107609     
          28          70  0.95939882108472818     
          28          71  0.96198587710423644     
          29          72  0.97288298459910805     
          29          73  0.96466873803300046     
          30          74  0.96620407148785858     
          32          75  0.98016899468425733     
          32          76  0.97107321307846250     
          32          77  0.97323823456755820     
          33          78  0.98527302286857132     
          33          79  0.97264013730269294     
          33          80  0.97276680315115049     
