   -0.15152223
    0.13631480
   -0.07429472
    0.00646929
   -0.10771853
   -0.00565269
   -0.06386721
   -0.05470291
   -0.10573872
    0.26752087
   -0.13687864
   -0.44776033
   -0.28237540
    0.08630840
   -0.11207063
    0.03266952
    0.04417884
    0.05371519
    0.06724307
    0.06512984
    0.04871480
    0.04789594
    0.05152800
    0.03563891
    0.04365131
    0.03570626
    0.03052077
    0.03657005
    0.03437839
    0.03832950
    0.05120134
    0.06716640
    0.05261420
    0.02830927
    0.02879880
    0.05280330
    0.04490359
    0.05430135
