           1           2   1.8361860032744919     
           2           3  0.99767995357901307     
           3           4  0.97935845333670057     
           4           5  0.98551946705278726     
           5           6  0.99481952671003915     
           6           7  0.99117229148036423     
           7           8   1.0067875674315061     
           8           9   1.0200496738016673     
           5          10   1.2366627263274117     
          10          11  0.98136860831905071     
           5          12  0.18948168521431247     
          10          12   1.6743945264648812     
           1          13  0.12239249897169585     
           2          13   1.0530755921635691     
          13          14  0.97009330909580571     
          14          15   1.0156946529624296     
           1          16  0.97302039542014818     
           1          17  0.97590034539146031     
           3          18  0.96562629870221062     
           3          19  0.97213019357357511     
           4          20  0.96737131475566673     
           4          21  0.97153511186926389     
           6          22  0.96815528100771220     
           6          23  0.96512494603901655     
           7          24  0.97569509180443115     
           7          25  0.97470478241119429     
           8          26  0.97765713450519276     
           8          27  0.97772890688214820     
           9          28  0.98720281988671688     
           9          29  0.98718708290853363     
           9          30  0.98732553196658912     
          11          31  0.96740528573627782     
          11          32  0.98333433673356885     
          11          33  0.97279760249086578     
          14          34  0.96825699198491200     
          14          35  0.96817551821157832     
          15          36  0.98629357975335941     
          15          37  0.98547345793312435     
          15          38  0.98608709442469977     
