           1           2   2.8972949020312533     
           2           3   1.0111908798971796     
           3           4  0.96826117077731588     
           3           5  0.94177841040438415     
           5           6   1.0080345509766617     
           5           7   1.0094637641442756     
           3           8  0.94955574968794954     
           8           9   1.0085102370029226     
           8          10   1.0105763541354296     
           1          11  0.97026762006391620     
           4          12  0.89599602623167107     
           5          13  0.96699978120983232     
           6          14  0.98381272846517720     
           6          15  0.98345313708621418     
           6          16  0.98574866123646065     
           7          17  0.98446619539683144     
           7          18  0.98466813878025916     
           7          19  0.98428895146971995     
           8          20  0.96388154377805435     
           9          21  0.98625416978149927     
           9          22  0.98538816194076140     
           9          23  0.98406742720730622     
          10          24  0.98377928739828968     
          10          25  0.98503155788218277     
          10          26  0.98500195435862226     
