   -0.11298901
    0.04123378
   -0.11761383
   -0.02071823
   -0.05377952
    0.14858096
   -0.13020433
   -0.12365426
   -0.05972758
    0.35894192
   -0.42009740
   -0.27276557
    0.07609019
    0.00586261
   -0.03863181
   -0.02728202
   -0.05282670
    0.14343948
   -0.25841339
    0.14323495
   -0.05668221
   -0.02961422
   -0.03838770
   -0.02869972
   -0.05185286
   -0.06039017
    0.05216540
    0.04577756
    0.05169590
    0.04612829
    0.06870240
    0.05140540
    0.07588627
    0.07844728
    0.05962365
    0.05916767
    0.06088547
    0.04936570
    0.04604164
    0.05258632
    0.03600006
    0.03641461
    0.03576669
    0.03849183
    0.04765065
    0.04474385
