           1           2   1.0090730680656022     
           2           3   1.0113521337024611     
           2           4  0.92072705783355246     
           4           5   1.0664799166367616     
           5           6   1.7750610880892956     
           6           7  0.99276560064306507     
           6           8  0.99799179439886221     
           2           9  0.90160735365829059     
           4           9  0.88631042200270760     
           9          10   1.0140885902437213     
          10          11   1.7234189458371592     
          10          12   1.1145928023113005     
          11          12  0.16494390390059582     
          12          13  0.93525507529568563     
          13          14  0.99590374956968231     
          14          15   1.4157293660144596     
          15          16   1.4316835800632235     
          14          17  0.10540651102619468     
          16          17   1.4545866670354248     
          17          18   1.3673231048301207     
          18          19   1.0260822835158090     
          19          20   1.0224317510882477     
          20          21   1.3771445220569809     
          21          22   1.4477331339494353     
          22          23   1.4364727701191284     
          21          24  0.10769072342325806     
          23          24   1.4323724514957128     
          20          25   1.3714318276341779     
          22          25  0.10852714968344042     
          24          25   1.4536997973638710     
          14          26   1.4188905343990161     
          16          26  0.10642672431399343     
          18          26   1.3830867408243597     
           1          27  0.97866400598708869     
           1          28  0.98198662853196361     
           1          29  0.98056399203986289     
           3          30  0.97954316077002135     
           3          31  0.97704820631651990     
           3          32  0.97884514102976561     
           4          33  0.95775185919142469     
           5          34  0.94897528717632884     
           9          35  0.96540282264769461     
          13          36  0.96696135338998335     
          13          37  0.96332960444855675     
          15          38  0.96758394302590645     
          16          39  0.96969902276493913     
          17          40  0.96809472745115954     
          21          41  0.96704378206792840     
          22          42  0.97078610802422738     
          23          43  0.97124627362216054     
          24          44  0.97064412925579457     
          25          45  0.96850087057753798     
          26          46  0.96523959395680858     
