           1           2   1.7201564988786155     
           1           3  0.16999014034867033     
           2           3   1.1229583110100472     
           3           4  0.93103462568966733     
           4           5   1.0012143016572996     
           5           6   1.4163407334050331     
           6           7   1.4446583789886465     
           5           8  0.11040781355764440     
           7           8   1.4391513040137851     
           6           9  0.11173789814881807     
           8           9   1.4391531729897957     
           5          10   1.4163430212584340     
           7          10  0.11173741522523119     
           9          10   1.4446560568024427     
           2          11   1.0006204765033473     
          11          12   1.3882084937710677     
          12          13   1.4533404902266798     
          11          14  0.10338447049775167     
          13          14   1.4339393590685370     
          12          15  0.10759468003829825     
          14          15   1.4327427200056668     
          11          16   1.3889634304498326     
          13          16  0.10819743390805020     
          15          16   1.4542948056289553     
           4          17  0.96469919710221685     
           4          18  0.96470089653529612     
           6          19  0.96903359601922101     
           7          20  0.97078951285635884     
           8          21  0.97114886389313326     
           9          22  0.97078951323229590     
          10          23  0.96903332533938991     
          12          24  0.96566518427463710     
          13          25  0.97000417647308090     
          14          26  0.97089623603558484     
          15          27  0.97034462348200967     
          16          28  0.96692445440047037     
