           1           2  0.95655008600231517     
           2           3   1.0064893670225341     
           3           4  0.98669857841723674     
           4           5  0.97351333842972654     
           5           6  0.99467557449832211     
           6           7   1.4195517523876460     
           7           8   1.4406011541359149     
           6           9  0.11029635213765573     
           8           9   1.4421889121417262     
           7          10  0.11068836873153394     
           9          10   1.4355852111529404     
           6          11   1.4107772549239894     
           8          11  0.11249435837018605     
          10          11   1.4490878632967936     
           2          12  0.97695009782222808     
           2          13  0.97715663321146429     
           3          14  0.96643112656801655     
           3          15  0.96624423146782079     
           5          16  0.96552174411339475     
           5          17  0.95689738266816760     
           7          18  0.96875407798151780     
           8          19  0.97092979792577339     
           9          20  0.97127623379759465     
          10          21  0.97083903339664213     
          11          22  0.96882338211280494     
