           1           2   1.0436370488123752     
           2           3   1.8405182891861085     
           3           4   1.0978803840662235     
           2           5  0.11816731724349636     
           4           5   1.7331662224031472     
           5           6   1.0271102008902029     
           6           7  0.98013480280411547     
           7           8  0.97092077832248769     
           8           9   1.0002781161366754     
           7          10  0.99963516862385027     
           4          11   1.0727656302439135     
          10          11   1.8717952619133800     
           1          12  0.96878357856632835     
           1          13  0.96845996989255345     
           1          14  0.98528541896035193     
           2          15  0.96283159742551194     
           3          16  0.96148035138193422     
           5          17  0.96737333474703546     
           6          18  0.96999195404227834     
           6          19  0.94948944779222222     
           7          20  0.94120823536778464     
           9          21  0.97590725128897382     
           9          22  0.97709310550685302     
           9          23  0.97983288710130667     
          10          24  0.96540213603249703     
          11          25  0.96202339582273755     
