           1           2   1.9304062659384287     
           2           3   1.0239648649702324     
           2           4  0.99767912656091295     
           4           5  0.97690778901596143     
           5           6   1.0211618242730993     
           6           7   1.8864392293650012     
           7           8   1.0226298437725123     
           7           9   1.0086210364947179     
           4          10  0.99330231191386720     
           9          10   1.0060593510051363     
           1          11  0.97420302178235740     
           1          12  0.97536940330727628     
           3          13  0.97244525640317070     
           3          14  0.98494152875076579     
           3          15  0.97147001317494019     
           4          16  0.96392444857889203     
           5          17  0.96766884372302608     
           5          18  0.95908603097346523     
           6          19  0.96481978766251308     
           8          20  0.98523814750048000     
           8          21  0.97443712863223353     
           8          22  0.97287134673357434     
           9          23  0.96135684544350597     
           9          24  0.96818180992260794     
          10          25  0.97755654897842215     
          10          26  0.97560818649295244     
