           1           2   1.0086198953550967     
           2           3   1.0085501664524459     
           2           4  0.96716377759392635     
           4           5  0.97157280248113720     
           5           6  0.99383244601180776     
           6           7  0.96631884191861672     
           7           8  0.97350544487964308     
           7           9  0.89338307862950683     
           9          10   1.4796350333016830     
           9          11   1.4799132248885765     
          10          11  0.37672628145622222     
           7          12  0.96635500739636671     
           4          13  0.96877119404049616     
          12          13  0.99267826856301455     
           1          14  0.98490868048156766     
           1          15  0.98595914224119141     
           1          16  0.98507842555121461     
           2          17  0.96625379260474697     
           3          18  0.98503363128417165     
           3          19  0.98645672777838334     
           3          20  0.98527192756574988     
           4          21  0.94336255467522823     
           6          22  0.96274356880573175     
           6          23  0.96505929119829670     
           8          24  0.97150228440613817     
           8          25  0.98230299229928186     
           8          26  0.98230905781049893     
          12          27  0.96498341245860120     
          12          28  0.96293785534886156     
