           1           2   1.0077240699416579     
           2           3  0.99807079656654984     
           3           4   1.0084975308861757     
           4           5  0.98513482595630353     
           5           6  0.97927975800970668     
           6           7  0.98662182364559625     
           5           8  0.97372763371983706     
           8           9   1.0126627784747197     
           5          10  0.97196764874950270     
          10          11   1.0080815544937414     
           2          12  0.99750454161998892     
          10          12  0.99623116969622971     
           1          13  0.98665973037222210     
           1          14  0.98673642855764276     
           1          15  0.98651577123464129     
           2          16  0.96785830894172675     
           3          17  0.97377547715731783     
           3          18  0.97582357823708943     
           4          19  0.97530748140214718     
           4          20  0.96993019861872820     
           6          21  0.97068641069283879     
           6          22  0.96728778842839980     
           7          23  0.90037984864321996     
           8          24  0.96624732359904753     
           8          25  0.96510543688648542     
           9          26  0.86923495420453545     
          10          27  0.96601072470182348     
          11          28  0.98336663749087516     
          11          29  0.98504266024759624     
          11          30  0.98536344572389045     
          12          31  0.97463007956544589     
          12          32  0.97153600761425984     
