           1           2   1.0012206115444775     
           2           3   1.0066839444792206     
           2           4  0.92560592712561773     
           4           5   1.1242961704610619     
           4           6  0.15393235173448927     
           5           6   1.6445162366248962     
           5           7   1.0552429859234682     
           7           8   1.3642580819221912     
           8           9   1.4833235177246462     
           9          10   1.3756299860394201     
           8          11  0.10534902716220836     
          10          11   1.5026357735232589     
           7          12   1.2699640934213607     
          11          12   1.3024647567280094     
          12          13   1.2567892017284619     
           1          14  0.98575848103425745     
           1          15  0.98439986194956530     
           1          16  0.98425000957349285     
           2          17  0.96002648137003765     
           3          18  0.98477161390587209     
           3          19  0.98531758858797436     
           3          20  0.98438305517593627     
           8          21  0.96619216139691910     
           9          22  0.97122578739761511     
          10          23  0.97097737416215302     
          11          24  0.96766711317282683     
          13          25  0.90700302659627730     
          13          26  0.95157647835627890     
