           1           2   1.0200174831541515     
           2           3  0.92313729116370102     
           3           4   1.1953047808600010     
           3           5  0.19343449714022679     
           4           5   1.7252877202387107     
           4           6  0.89206629301465867     
           6           7   1.9076512663842360     
           6           8  0.97840607774829136     
           8           9  0.97944803427577276     
           9          10   1.0094005118474225     
          10          11   1.0103511893534431     
          11          12  0.98909870715322457     
           8          13  0.94734240891032195     
          12          13  0.99457727319946754     
          13          14   1.8695975910324270     
           1          15  0.98270971303068344     
           1          16  0.98432540725417583     
           1          17  0.98467194848144346     
           2          18  0.96650915564893236     
           2          19  0.96784446150877212     
           8          20  0.90704974943149896     
           9          21  0.97452780064360378     
           9          22  0.97332116782916267     
          10          23  0.97623138582639668     
          10          24  0.97362657776017292     
          11          25  0.97733732446059096     
          11          26  0.97524686296029917     
          12          27  0.94511838660671998     
          12          28  0.97093466762776892     
