           1           2   1.0279582089008823     
           2           3   1.4346274336771734     
           3           4   1.4272157080298737     
           2           5  0.10308840229687140     
           4           5   1.4194453188102973     
           5           6  0.99822629552621756     
           6           7  0.99785842892758070     
           6           8  0.99785846273108736     
           3           9  0.10050968245400173     
           5           9   1.4040575782451636     
           2          10   1.3277976095596431     
           9          10   1.3976613187569384     
          10          11   1.0614298892658078     
           1          12  0.97087014721190856     
           1          13  0.98625893429724898     
           1          14  0.97087106158219871     
           3          15  0.96858633812449857     
           4          16  0.96864269104570466     
           6          17  0.96795227439114706     
           7          18  0.98758511638841173     
           7          19  0.98558593108988846     
           7          20  0.98593520443588678     
           8          21  0.98558591835790543     
           8          22  0.98758512084257966     
           8          23  0.98593519693141574     
           9          24  0.96164753409657733     
          11          25  0.89209057412359161     
