           1           2   1.0004125484017141     
           2           3  0.99285159642149634     
           3           4   1.4049023122592397     
           4           5   1.4453450278584614     
           3           6  0.10841269574169116     
           5           6   1.4343647353472133     
           4           7  0.10958021647254770     
           6           7   1.4361452632643821     
           3           8   1.4035948452551170     
           5           8  0.10234372786457022     
           7           8   1.4260175263360619     
           8           9  0.95838529152018548     
           1          10  0.89043650081844916     
           2          11  0.95797179795991039     
           2          12  0.96981534377475842     
           4          13  0.96541430300877862     
           5          14  0.96947688857263525     
           6          15  0.96832453668305896     
           7          16  0.96848072237514549     
