           1           2  0.99526382079531517     
           2           3  0.96362675119057473     
           3           4  0.98692017183948233     
           4           5   1.0091933751978455     
           5           6   1.0099232489600511     
           6           7  0.98203799215867371     
           7           8   1.0041917952309718     
           3           9  0.99086325547420007     
           7           9  0.98792902054815757     
           1          10  0.97954155486983985     
           1          11  0.97621874639901374     
           1          12  0.97611526856116138     
           3          13  0.95937051522501404     
           4          14  0.97396261733796452     
           4          15  0.97540065746797666     
           5          16  0.97470225387967857     
           5          17  0.97695762755511051     
           6          18  0.97593572566881681     
           6          19  0.97717460373807408     
           7          20  0.96340871607010936     
           8          21  0.86874561011361950     
           9          22  0.97550153666047523     
           9          23  0.97386783054170623     
