           1           2   1.7721329496002278     
           1           3  0.13964462278864034     
           2           3   1.1252900938965913     
           3           4   1.1131186847983905     
           3           5  0.13876281574096000     
           4           5   1.7907401810537347     
           4           6  0.97591887242997288     
           2           7  0.97949726740663512     
           6           7   1.3396211811940177     
           7           8   1.4287719080379606     
           6           9  0.10299620084674341     
           8           9   1.4132798941059961     
           9          10   1.4539951418386474     
           6          11   1.3931085707954565     
          10          11   1.3777225355869105     
          11          12  0.93138597893380026     
          12          13   1.4853297034382411     
          12          14   1.4615112963550076     
          13          14  0.38813259479024448     
           3          15  0.92197274538022178     
           8          16  0.96323181396639523     
           9          17  0.96557311916894206     
          10          18  0.96103609576526228     
