           1           2   1.0192591375578788     
           2           3   1.0078894545718240     
           3           4   1.0074507402919117     
           4           5   1.0040269524148400     
           5           6  0.99388075603472359     
           1           7  0.98738794202137969     
           1           8  0.98792139789455591     
           1           9  0.98792139785480548     
           2          10  0.97846549119193138     
           2          11  0.97846548828368873     
           3          12  0.97724462253898847     
           3          13  0.97724462358040276     
           4          14  0.97589933855273037     
           4          15  0.97589933228140091     
           5          16  0.97169986341756998     
           5          17  0.97169985323731090     
           6          18  0.90538838093957497     
