           1           2   1.0098285174972823     
           2           3   1.0084925362222397     
           2           4  0.99394395091157584     
           4           5   1.0057210419861797     
           5           6  0.92511646332058051     
           6           7   1.1648679923820544     
           6           8  0.17437067478256438     
           7           8   1.7312701005227376     
           7           9  0.94139379035430615     
           9          10  0.97245632998294096     
           9          11   1.0128067774335554     
           1          12  0.98516460206860912     
           1          13  0.98556997963506665     
           1          14  0.98629254742531358     
           2          15  0.96863875088308427     
           3          16  0.98588777370249048     
           3          17  0.98646389384169442     
           3          18  0.98666486734209824     
           4          19  0.97331590771397125     
           4          20  0.97444170820610176     
           5          21  0.96820160137781230     
           5          22  0.96683705816961574     
           9          23  0.94904039399819873     
          10          24  0.98649768598612519     
          10          25  0.98541061347425296     
          10          26  0.98177929691209165     
          11          27  0.87146342526303133     
