           1           2   1.7129902825789083     
           1           3  0.21270407861882912     
           2           3   1.2684384695012361     
           3           4  0.99610901845571720     
           4           5  0.98433484992102438     
           5           6  0.99463930380792154     
           6           7  0.98679585693048866     
           3           8  0.98384171300466583     
           7           8  0.98894560688768518     
           2           9  0.91839363673549412     
           4          10  0.96548070156697663     
           4          11  0.96961183527046835     
           5          12  0.96905141876713419     
           5          13  0.96607659528938838     
           7          14  0.96666385056512727     
           7          15  0.96901764679504332     
           8          16  0.96669602879196181     
           8          17  0.96507543024884812     
