           1           2  0.99712527367969350     
           2           3  0.98591878358578700     
           3           4   1.0040074796024405     
           4           5  0.97239572080925962     
           5           6   1.7497378494691609     
           5           7   1.1419650111086683     
           6           7  0.17443315917781474     
           7           8  0.93375994185086697     
           8           9  0.99311825765186623     
           9          10   1.0093551086086177     
           9          11   1.0075913239950300     
           1          12  0.97688270185917581     
           1          13  0.97690726290174679     
           1          14  0.97996820940515750     
           3          15  0.96661645554565856     
           3          16  0.96688752926784161     
           4          17  0.95308968075526379     
           4          18  0.95168726095806022     
           8          19  0.96762445372264183     
           8          20  0.96723886398570658     
           9          21  0.96686213376630814     
          10          22  0.98521488991783734     
          10          23  0.98632972518002360     
          10          24  0.98623422926033744     
          11          25  0.98629797217346948     
          11          26  0.98551040525632372     
          11          27  0.98634173986277762     
