           1           2  0.97073862159113422     
           2           3   1.0127740007503896     
           2           4  0.94286393993073236     
           4           5   1.7327001406660958     
           4           6   1.1572708886324550     
           5           6  0.17201934349425502     
           6           7  0.94293652931076732     
           7           8  0.99553437560378688     
           8           9  0.98675959612851472     
           9          10  0.98797866688889269     
          10          11   1.0123866240126391     
          11          12  0.95923575209554268     
           1          13  0.98119420114089195     
           1          14  0.98638796475927604     
           1          15  0.98514096539764662     
           2          16  0.94917878475378281     
           3          17  0.87401473015820097     
           7          18  0.96645193692474241     
           7          19  0.96684539690102989     
           8          20  0.96335388124706500     
           8          21  0.96385429473542128     
          10          22  0.95917802370001248     
          10          23  0.96438907669742358     
          11          24  0.97756115250673770     
          11          25  0.97519574554371102     
