           1           2   1.0124395625009455     
           2           3  0.99165053907723377     
           3           4  0.97929251419559615     
           4           5  0.97929251326589140     
           5           6  0.99165054773301664     
           6           7   1.0124395857260855     
           1           8  0.89201283168374979     
           2           9  0.96728074681294984     
           2          10  0.97147962258504417     
           3          11  0.96734094656771408     
           3          12  0.96727257566363190     
           5          13  0.96734095953974431     
           5          14  0.96727259903111484     
           6          15  0.96728075997444063     
           6          16  0.97147963839124962     
           7          17  0.89201269151914397     
