           1           2  0.99958779053632751     
           2           3   1.0042171977778078     
           2           4  0.94241395359731561     
           4           5   1.1044723768583715     
           5           6   1.3185285910050917     
           6           7   1.5071405334653887     
           7           8   1.3422625334146241     
           8           9   1.0799049999504269     
           9          10   1.8472199938120382     
           8          11   1.3619377091755964     
           5          12   1.3459956512354283     
          11          12   1.4762359952282209     
           1          13  0.98466825213144560     
           1          14  0.98315993951576419     
           1          15  0.98515164977960401     
           2          16  0.95916908117005417     
           3          17  0.98513024626823009     
           3          18  0.98451025130117520     
           3          19  0.98451879057876934     
           6          20  0.96708652704841136     
           7          21  0.96666830184490038     
           9          22  0.93064824278584224     
          11          23  0.96557318186246854     
          12          24  0.96284841247384556     
