           1           2  0.98669801033910109     
           2           3   1.0585383203117711     
           3           4   1.3809505016062529     
           4           5   1.4316566885922517     
           5           6   1.4209310536896977     
           6           7   1.0142181119881697     
           7           8  0.97689643904533074     
           8           9   1.0059549340457181     
           4          10  0.10291626749331058     
           6          10   1.3852517925321932     
           3          11   1.3436008649269913     
           5          11  0.10767256277882256     
          10          11   1.4794200927484245     
           1          12  0.97975819473838688     
           1          13  0.97663837910816187     
           1          14  0.97665682135746501     
           4          15  0.96644713593002818     
           5          16  0.96831647151091460     
           7          17  0.97146564220514087     
           7          18  0.97322286839372141     
           8          19  0.97223992602216147     
           8          20  0.96991526584750642     
           9          21  0.89409874667352873     
          10          22  0.96880659665147340     
          11          23  0.96817566554028101     
