           1           2   1.0039429226779246     
           2           3  0.98747798728893099     
           3           4   1.0082881889725130     
           4           5  0.99601938551768499     
           5           6  0.99077868069558117     
           6           7  0.98050725519513848     
           7           8  0.98264269118338421     
           8           9  0.99131072430307310     
           9          10   1.0125888463805617     
           5          11  0.97254319411277590     
          11          12   1.0033681620483057     
           2          13  0.97021838811611383     
          11          13  0.97816397554303292     
           1          14  0.98493091943130129     
           1          15  0.98582899625255505     
           1          16  0.98519917774178434     
           2          17  0.95759827946639853     
           3          18  0.97637710022941693     
           3          19  0.97599906670337688     
           4          20  0.97436886379526522     
           4          21  0.97609017624565997     
           5          22  0.96487351570397584     
           6          23  0.96628567609427907     
           6          24  0.96487226604306475     
           8          25  0.96650745367746871     
           8          26  0.96689500160356978     
           9          27  0.97197762023101641     
           9          28  0.96741876858392539     
          10          29  0.89034441783382723     
          11          30  0.95637024271069304     
          12          31  0.98280287388576315     
          12          32  0.98483418835277259     
          12          33  0.98543905349009475     
