           1           2   1.0194803305741598     
           2           3  0.93502032737171570     
           3           4   1.1478270852864161     
           3           5  0.17122618061585754     
           4           5   1.7370759701950904     
           4           6  0.97068283660901722     
           6           7   1.0060939690643489     
           7           8  0.96113901223664433     
           8           9   1.6627539083473661     
           8          10   1.2582078174692211     
           9          10  0.19266051194918607     
          10          11  0.99008491136495169     
          11          12   1.0057283710618732     
          10          13  0.98135678801659010     
          13          14   1.0095333213947655     
           1          15  0.98523555958991704     
           1          16  0.98503195587734338     
           1          17  0.98368622721297094     
           2          18  0.96903377016670111     
           2          19  0.96927846950136476     
           6          20  0.95145979543167347     
           6          21  0.95567369315954276     
           7          22  0.95835493445087594     
           7          23  0.96521274332379992     
          11          24  0.97042044148627327     
          11          25  0.96962434015407206     
          12          26  0.98633249455874528     
          12          27  0.97909031480341135     
          12          28  0.98504618130269905     
          13          29  0.97139973045429917     
          13          30  0.96568533884439400     
          14          31  0.98469448301172824     
          14          32  0.98683272808786748     
          14          33  0.98577081941013467     
