           1           2  0.98290053839930747     
           2           3  0.97466713246456638     
           3           4  0.95864100263011220     
           4           5   1.0112868208219357     
           5           6   1.4149011065273662     
           6           7   1.4432680183147821     
           5           8  0.10955886868093991     
           7           8   1.4401051330887094     
           6           9  0.11046344744971913     
           8           9   1.4364289319466934     
           5          10   1.4099845309836607     
           7          10  0.11171606191357292     
           9          10   1.4481374304423202     
           3          11  0.98080036563849360     
          11          12  0.98504446884495722     
           1          13  0.97925516143731373     
           1          14  0.97890858057361307     
           1          15  0.98102632846529869     
           3          16  0.94849455874852540     
           4          17  0.96817595768591747     
           4          18  0.97205598208900112     
           6          19  0.96922523860451126     
           7          20  0.97121026762604012     
           8          21  0.97154671641170276     
           9          22  0.97111775403262901     
          10          23  0.96846193819308990     
          12          24  0.98090130203519466     
          12          25  0.97790723790493428     
          12          26  0.97967059634207188     
