           1           2   1.0096643881807172     
           2           3   1.0083575753798988     
           2           4  0.99569415795186422     
           4           5  0.99607944614304400     
           5           6  0.97706103063740435     
           6           7  0.98188511115367294     
           7           8  0.98217630363711639     
           8           9  0.99574981382330596     
           8          10  0.97940836904025197     
          10          11   1.0147336714552102     
           1          12  0.98650364512578481     
           1          13  0.98597760239089693     
           1          14  0.98571242278492588     
           2          15  0.96870014991236864     
           3          16  0.98663348443378052     
           3          17  0.98679121529384495     
           3          18  0.98617136853065768     
           4          19  0.97561089456337535     
           4          20  0.97484941900529942     
           5          21  0.96717493874866189     
           5          22  0.96913931427928346     
           7          23  0.96502136356831003     
           7          24  0.96710424075748935     
           8          25  0.95959601973004083     
           9          26  0.88231887301762324     
          10          27  0.96676555471160253     
          10          28  0.97266069243259157     
          11          29  0.88415545327859846     
