           1           2   1.9798502594182505     
           2           3   1.0269327207525722     
           3           4  0.98777110343314933     
           4           5   1.0084473636937006     
           5           6   1.0064367485124828     
           6           7   1.0068930520350046     
           7           8   1.0069565997644550     
           8           9   1.0079938536178155     
           9          10   1.0016824598421878     
          10          11  0.97963669349743776     
          11          12   1.7712105804992451     
          11          13   1.1235705791655073     
          12          13  0.17099940248123291     
           1          14  0.97752271710868932     
           1          15  0.97549881336722810     
           2          16  0.96579738547995331     
           3          17  0.96571394658033882     
           3          18  0.97518275332565318     
           4          19  0.97659769266626806     
           4          20  0.97854776905379748     
           5          21  0.97715884380337770     
           5          22  0.97616962354152814     
           6          23  0.97751592158063572     
           6          24  0.97733213907246674     
           7          25  0.97727474407769210     
           7          26  0.97733871530137062     
           8          27  0.97664921237154056     
           8          28  0.97707931631574541     
           9          29  0.97694254198556763     
           9          30  0.97436050894320814     
          10          31  0.94356369580568056     
          10          32  0.96566705438078237     
          13          33  0.86756706850161625     
