           1           2   1.0081456124189683     
           2           3  0.97340590492407486     
           3           4   1.0170214028025020     
           4           5   1.4071618551838485     
           5           6   1.4412287370179273     
           6           7   1.4060055945342513     
           7           8  0.97007897306860624     
           5           9  0.10709802752324901     
           7           9   1.3996479078823525     
           4          10   1.4028436595540721     
           6          10  0.10864815523762178     
           9          10   1.4500000130402564     
           1          11  0.89545471439151625     
           2          12  0.97147510620706101     
           2          13  0.97000223224152182     
           3          14  0.97203047792690367     
           3          15  0.97076902746665139     
           5          16  0.96648897158976987     
           6          17  0.96754038128003039     
           9          18  0.96749628813515942     
          10          19  0.96767722535505840     
