   -0.09625157
   -0.02200354
   -0.05908832
   -0.03140620
    0.01028189
   -0.10978661
    0.10887487
   -0.27552585
    0.35552530
   -0.43633393
   -0.06155201
   -0.02121915
   -0.06510013
    0.01143466
   -0.11054111
   -0.10859180
    0.03499790
   -0.10919069
   -0.11163167
   -0.10068068
    0.22702479
   -0.36482400
    0.03667368
    0.03782397
    0.03664837
    0.05184249
    0.07302940
    0.06614626
    0.06621842
    0.06128813
    0.06918631
    0.05746193
    0.05065916
    0.03477350
    0.04802863
    0.04006540
    0.04757761
    0.04638846
    0.04079162
    0.04320414
    0.04561149
    0.04706657
    0.04543677
    0.05121680
    0.04553770
    0.04144152
    0.07003910
    0.08143040
