           1           2   1.9730940935253727     
           2           3   1.0106732177071813     
           3           4   1.0022104941019319     
           4           5   1.7266286185205622     
           5           6   1.0474457602810641     
           5           7  0.98510351431429466     
           7           8  0.93262168923706257     
           8           9   1.0987308030913698     
           8          10  0.15770636770637692     
           9          10   1.7034378017694258     
           9          11   1.0364775199386769     
          11          12  0.88045793056134491     
          12          13   1.0313787100731793     
          13          14   1.8627566136416138     
          14          15   1.0285049927662990     
          14          16   1.0230332236694586     
          11          17  0.88435827081040996     
          12          17  0.97411130776819566     
          17          18   1.0084259473454629     
          17          19   1.0103972912366366     
           7          20  0.99124662156780752     
           4          21   1.0511047995682079     
          20          21  0.97301089303824007     
          21          22   1.8069731436552097     
           1          23  0.97493183213901868     
           1          24  0.97623388775610209     
           2          25  0.96698127296468095     
           3          26  0.96072391119054690     
           3          27  0.95158875689276812     
           6          28  0.97229684285293450     
           6          29  0.94978743948945554     
           6          30  0.97265181959170777     
           7          31  0.93634387948891495     
          11          32  0.96516488126923516     
          12          33  0.95364448156480408     
          13          34  0.95944502867081061     
          15          35  0.97023235013809095     
          15          36  0.98484903246209066     
          15          37  0.97090410535184546     
          16          38  0.97260406438531521     
          16          39  0.96861446529375339     
          16          40  0.98676703164274415     
          18          41  0.97926799425227717     
          18          42  0.98245218025396064     
          18          43  0.98148170894088993     
          19          44  0.97871314889009808     
          19          45  0.97981834392463407     
          19          46  0.98199127843905809     
          20          47  0.96058779606657074     
          20          48  0.94708781718828527     
