           1           2  0.99748049212694634     
           2           3  0.99748058251671456     
           2           4  0.99854276778143525     
           4           5   1.4035237698601235     
           5           6   1.4426134349722985     
           4           7  0.10341784223684716     
           6           7   1.4428386258726844     
           7           8   1.3735248023719708     
           8           9   1.0653206319632569     
           4          10   1.4272139416914338     
           6          10  0.10785948047076736     
           8          10   1.3727536516520218     
           1          11  0.98758680863646886     
           1          12  0.98519842961955417     
           1          13  0.98575641450578255     
           2          14  0.96803098591634118     
           3          15  0.98758680799000431     
           3          16  0.98575642644857731     
           3          17  0.98519840426554262     
           5          18  0.96879615525792806     
           6          19  0.97112465827447403     
           7          20  0.96686668414153609     
           9          21  0.89102483575658131     
          10          22  0.96406002154693282     
