           1           2  0.95822804091596780     
           2           3   1.1241994237331356     
           2           4  0.17130169325162367     
           3           4   1.7574637026752147     
           3           5  0.97282504597977348     
           5           6  0.97932688957048364     
           6           7  0.99718700101419022     
           7           8   1.0074805646143141     
           8           9   1.0090805078368812     
           9          10   1.0090989364061718     
           6          11  0.99817164211710629     
          10          11   1.0080003542100358     
           1          12  0.98206284227805185     
           1          13  0.97745897138834215     
           1          14  0.97740112112617705     
           5          15  0.97340613506808538     
           5          16  0.94945132332747972     
           6          17  0.96480927514431625     
           7          18  0.97633529032539335     
           7          19  0.97666740652245632     
           8          20  0.97735466970759843     
           8          21  0.97743163588100423     
           9          22  0.97766966715304571     
           9          23  0.97750295949813082     
          10          24  0.97742869910262331     
          10          25  0.97741643110413923     
          11          26  0.97597680224404959     
          11          27  0.97577786776333775     
