   -0.44263178
    0.11751539
   -0.06727472
   -0.05428895
   -0.05601257
   -0.06081521
   -0.02360372
   -0.02183612
   -0.05867436
   -0.05480224
   -0.05510078
   -0.05447827
   -0.05932640
    0.28154410
    0.00382972
    0.02161609
    0.03081553
    0.04085268
    0.02539219
    0.02869362
    0.02870245
    0.04966330
    0.02934480
    0.02435492
    0.04531811
    0.02525361
    0.03561164
    0.03170727
    0.02432934
    0.02394178
    0.02959892
    0.03076188
    0.02441456
    0.02678882
    0.02879437
