           1           2  0.98732258091150937     
           2           3  0.98642001226185638     
           3           4   1.0095300973367993     
           4           5   1.0096157682218216     
           5           6   1.0079951316410491     
           2           7  0.97958779591192968     
           6           7  0.99757970228302661     
           7           8  0.98076250330567050     
           8           9  0.99751815241554476     
           9          10   1.0066225021269266     
          10          11   1.0094288313458426     
          11          12   1.0092801323910339     
           8          13  0.99718613158048774     
          12          13   1.0076613678737032     
           1          14  0.90302458365918037     
           2          15  0.95701145374193375     
           3          16  0.97504663742229114     
           3          17  0.97624382890507078     
           4          18  0.97622001181813056     
           4          19  0.97739987259665473     
           5          20  0.97713380194965804     
           5          21  0.97732081436061247     
           6          22  0.97447550314259257     
           6          23  0.97113226190646973     
           7          24  0.96651348070073095     
           8          25  0.96597979802272893     
           9          26  0.97714827132537496     
           9          27  0.97348011124737610     
          10          28  0.97758969156724718     
          10          29  0.97763241608880469     
          11          30  0.97771244953793768     
          11          31  0.97754815294988950     
          12          32  0.97747982312959625     
          12          33  0.97760714957852135     
          13          34  0.97148251025629961     
          13          35  0.97609069824948835     
