   -0.10590885
   -0.05244387
   -0.09050465
    0.35532900
   -0.41218439
   -0.27168079
    0.07647186
   -0.02919439
   -0.06201528
   -0.10523847
    0.11292573
   -0.44712280
   -0.07220115
   -0.05452869
   -0.10337069
    0.03676615
    0.03627373
    0.04048986
    0.04838815
    0.04627728
    0.06349435
    0.06582941
    0.04961188
    0.05565500
    0.05686475
    0.04099081
    0.06012558
    0.03289444
    0.03724348
    0.03892452
    0.01951593
    0.28834401
    0.03520732
    0.03027806
    0.04423648
    0.03069938
    0.03274289
    0.03460182
    0.03621214
