           1           2   1.0199760284732875     
           2           3   1.0078431910804559     
           3           4  0.97056273671259696     
           4           5   1.7543987956041958     
           4           6   1.1315541978273851     
           5           6  0.17184692967495843     
           6           7  0.93645049533051428     
           7           8  0.99595431795850153     
           8           9  0.99395111595734909     
           9          10   1.0202371027710735     
           8          11  0.97865250921635993     
          11          12  0.98597822213406272     
          11          13  0.98713850012071491     
          13          14   1.0086939370280565     
          14          15   1.0189361328925799     
           1          16  0.98756374550347037     
           1          17  0.98762660778369549     
           1          18  0.98687402444446892     
           2          19  0.97689059490506402     
           2          20  0.97726631008328935     
           3          21  0.95593015224676769     
           3          22  0.95385941168831334     
           7          23  0.96408471318820066     
           7          24  0.96296307182509322     
           8          25  0.96057842992355003     
           9          26  0.97662763007877784     
           9          27  0.97280050257881978     
          10          28  0.98459004794257932     
          10          29  0.98722922483458919     
          10          30  0.98648729015177139     
          11          31  0.96022720863064603     
          12          32  0.89866141556271295     
          13          33  0.97405761437693250     
          13          34  0.97303519683850248     
          14          35  0.97598682827736516     
          14          36  0.97653833963465708     
          15          37  0.98770870329964455     
          15          38  0.98795367510683807     
          15          39  0.98724576704854594     
