           1           2   1.0155830050319719     
           2           3  0.97425766428647265     
           3           4  0.99267675815543066     
           4           5  0.98957698315503084     
           5           6  0.95037058022145959     
           6           7   1.1198695483862526     
           7           8  0.98712467786532743     
           6           9  0.17003408802839595     
           7           9   1.7636034140068066     
           1          10  0.98582745681490236     
           1          11  0.98525707423256226     
           1          12  0.98568838425076732     
           2          13  0.96889769475307186     
           2          14  0.96846648014507486     
           4          15  0.96607933010352209     
           4          16  0.96550251350426330     
           5          17  0.96689240968727397     
           5          18  0.96929042480916006     
           8          19  0.96296000619731303     
           8          20  0.96463384119044115     
           8          21  0.98278738828305001     
