           1           2   1.0193915621593324     
           2           3  0.93800360835372798     
           3           4   1.1296339845375694     
           3           5  0.17284723391500045     
           4           5   1.7141852859407127     
           4           6   1.0143000858556319     
           6           7   1.8739197882707317     
           7           8  0.95601913112312809     
           8           9   1.6502067687661741     
           8          10   1.2693552201220479     
           9          10  0.20083027545713533     
          10          11  0.97886302081199728     
          11          12   1.0085305280804215     
          10          13  0.99181239076831251     
          13          14   1.0065235858781809     
           1          15  0.98527030582827613     
           1          16  0.98520705754502114     
           1          17  0.98362168972761388     
           2          18  0.96806969699957213     
           2          19  0.96795161710858346     
           6          20  0.96102749632187323     
           7          21  0.95283376981926771     
          11          22  0.96597317410172034     
          11          23  0.97111934852145720     
          12          24  0.98447306271348112     
          12          25  0.98332722713182397     
          12          26  0.98555217179490184     
          13          27  0.96554208326289570     
          13          28  0.96841653617786183     
          14          29  0.98706587711328886     
          14          30  0.98491635745930006     
          14          31  0.98569104296170418     
