           1           2   1.0089032941403244     
           2           3   1.0081451250925078     
           3           4  0.99659820455928949     
           4           5  0.99659819922858528     
           5           6   1.0081451277846500     
           6           7   1.0089032811280296     
           7           8   1.0081451283377489     
           4           9  0.98672524944838580     
           8           9  0.99659819841082020     
           1          10   1.0081451268282777     
           9          10  0.99659820367871443     
           1          11  0.97760040483790855     
           1          12  0.97771825958635605     
           2          13  0.97771825895748499     
           2          14  0.97760040604623433     
           3          15  0.97669214144775918     
           3          16  0.97660723850513897     
           4          17  0.96617017906583458     
           5          18  0.97660723508288849     
           5          19  0.97669213983909042     
           6          20  0.97771827183946669     
           6          21  0.97760040565526207     
           7          22  0.97771827192883842     
           7          23  0.97760040554412564     
           8          24  0.97669213937917521     
           8          25  0.97660723557848483     
           9          26  0.96617017894924317     
          10          27  0.97669214203999488     
          10          28  0.97660723830675900     
