           1           2   1.0244246852780430     
           2           3   1.4070314747230901     
           3           4   1.4535915607830083     
           2           5  0.10665233155309571     
           4           5   1.4074779451013266     
           5           6  0.99803039031789542     
           6           7  0.99779214538245353     
           6           8  0.99797706826514609     
           3           9  0.10802580070375586     
           5           9   1.4146686545892582     
           2          10   1.4131092627117854     
           4          10  0.10951083786933810     
           9          10   1.4459644444294615     
           1          11  0.98242082288282562     
           1          12  0.98245348674222810     
           1          13  0.96851464293542078     
           3          14  0.96971185186793363     
           4          15  0.96705479244685311     
           6          16  0.96809104612691388     
           7          17  0.98590831341501584     
           7          18  0.98767546560418518     
           7          19  0.98545658600153252     
           8          20  0.98766771170161172     
           8          21  0.98538986783021076     
           8          22  0.98593402672406061     
           9          23  0.96852434924607378     
          10          24  0.96963061077370427     
