           1           2  0.98687045008881902     
           2           3   1.0243343278547405     
           3           4   1.4134430569369898     
           4           5   1.3863025520251049     
           5           6   1.0242102874470531     
           5           7   1.4252885012677319     
           7           8   1.4250870735579102     
           3           9   1.2897375044486596     
           8           9   1.3997954384450202     
           9          10   1.0751823497969106     
           1          11  0.97972633486318306     
           1          12  0.97690265000569165     
           1          13  0.97689001917996598     
           4          14  0.96420451780489369     
           6          15  0.96898305196453038     
           6          16  0.98275382452450255     
           6          17  0.98209699215945445     
           7          18  0.96930293484527230     
           8          19  0.96729046701506172     
          10          20  0.87671331990404688     
