           1           2  0.98490705766865183     
           2           3  0.94745615926503812     
           3           4   1.0188128959901650     
           4           5   1.4071435848421638     
           5           6   1.4432850808132991     
           4           7  0.10864088152857959     
           6           7   1.4398115424247695     
           5           8  0.10976425378166843     
           7           8   1.4356145135362590     
           4           9   1.4055782891716948     
           6           9  0.11070818338978516     
           8           9   1.4483612386265183     
           2          10  0.98074740674602734     
          10          11   1.0072591147591010     
          11          12   1.0094935116508705     
          12          13   1.0094542960266477     
           2          14  0.97776043021048542     
          13          14   1.0076794682884374     
           1          15  0.89230004818275177     
           3          16  0.96891577044508892     
           3          17  0.97287943375463415     
           5          18  0.96763275038182794     
           6          19  0.97127585008961415     
           7          20  0.97163739312912256     
           8          21  0.97126036034549601     
           9          22  0.96916583471228512     
          10          23  0.97663856538712657     
          10          24  0.97528404906761812     
          11          25  0.97572792014720666     
          11          26  0.97711752266698182     
          12          27  0.97758853706656135     
          12          28  0.97722314587494186     
          13          29  0.97614519573451419     
          13          30  0.97745068213963970     
          14          31  0.97578293949769535     
          14          32  0.97324557807739698     
