           1           2   1.0200549841646098     
           2           3  0.98816589086736273     
           3           4   1.0018053572205177     
           3           5  0.94749958825054292     
           5           6   1.1339562320713901     
           5           7  0.14075032045930561     
           6           7   1.7568124317987501     
           6           8  0.95725610132754746     
           8           9  0.96171323371600048     
           9          10   1.0248559820430447     
          10          11   1.9246075966206726     
          11          12   1.0248679700073573     
           8          13  0.99269690082847983     
          12          13  0.96263450194420208     
           5          14   1.1376121658040530     
          13          14  0.95465053339920480     
           5          15  0.13981102316087943     
          14          15   1.7556476131707954     
           1          16  0.98765657172900756     
           1          17  0.98667401800957966     
           1          18  0.98686202580014704     
           2          19  0.97335664634726715     
           2          20  0.97439039169587105     
           3          21  0.95739318421727115     
           4          22  0.98230847180583991     
           4          23  0.98344070701730546     
           4          24  0.98606772524997244     
           8          25  0.95211684367099336     
           9          26  0.95731975068447706     
           9          27  0.97706439072234008     
          10          28  0.96793259663623021     
          11          29  0.96794992446471795     
          12          30  0.97708739646665155     
          12          31  0.95726209568801646     
          13          32  0.95241198446193476     
