           1           2   1.0004018041478158     
           2           3   1.8684153840564748     
           2           4  0.98868430197875279     
           4           5  0.99221226028888088     
           5           6   1.0089967254483154     
           5           7   1.0098611044455230     
           1           8  0.98221879389971023     
           1           9  0.97152909920559472     
           1          10  0.95676436025756340     
           4          11  0.96475586342865105     
           4          12  0.94113167604430636     
           5          13  0.96616759543467201     
           6          14  0.98605777543275053     
           6          15  0.98668223084210949     
           6          16  0.98681198169735673     
           7          17  0.98669951722064630     
           7          18  0.98599366788704268     
           7          19  0.98644471290719271     
