   -0.10183192
   -0.04978256
   -0.06355959
    0.06542429
   -0.07296284
   -0.01506055
    0.34977685
   -0.44431536
   -0.26639935
    0.08756410
   -0.06698724
    0.01377825
   -0.11016262
   -0.06296300
   -0.05092161
   -0.05807307
    0.00755962
   -0.10658982
   -0.10547979
    0.08769156
    0.07737984
   -0.12178867
   -0.11990068
   -0.12131849
   -0.22532372
    0.03472064
    0.03616798
    0.03162657
    0.03086901
    0.03673012
    0.03808267
    0.04754275
    0.04283263
    0.04768720
    0.05258123
    0.04754922
    0.04240398
    0.04723108
    0.04934699
    0.04100556
    0.03825611
    0.03400494
    0.03233800
    0.02583982
    0.03952661
    0.03994443
    0.04097257
    0.03865676
    0.04381706
    0.03580314
    0.06938701
    0.03969761
    0.04877329
    0.05844683
    0.05851627
    0.04681677
    0.06866652
    0.03965829
    0.04874674
