           1           2   1.0213974958254795     
           2           3  0.98790319867415688     
           3           4   1.0161460769892712     
           4           5   1.3859670419424766     
           5           6   1.4074812781008805     
           6           7   1.0398509183444977     
           7           8   1.6724305202243328     
           7           9   1.1245201339828768     
           8           9  0.16359543498056572     
           9          10  0.93195646872850968     
          10          11   1.0180470308575404     
          11          12   1.8784394384010159     
          12          13   1.0267112880842022     
          12          14   1.0117218141637054     
          14          15  0.96831148291568714     
          15          16   1.0223262827243593     
          16          17   1.8851024233697529     
          17          18   1.0240725554968544     
          17          19   1.0222152056446974     
           6          20   1.2340592374726753     
          20          21  0.94570210251466114     
          21          22  0.98762656125588533     
          21          23  0.99673076420527618     
          21          24  0.98797749969869753     
           4          25   1.4340899320087555     
           6          25  0.13648757498678529     
          20          25   1.2511908995801595     
           1          26  0.98707961786202492     
           1          27  0.98553583394533595     
           1          28  0.98720103217921484     
           2          29  0.97794841359006035     
           2          30  0.97892920238281722     
           3          31  0.97275969607513013     
           3          32  0.97147814216443884     
           5          33  0.96966966802591770     
          10          34  0.95912792191393559     
          10          35  0.95273560626688536     
          11          36  0.96135945962556857     
          13          37  0.97545301065291135     
          13          38  0.96633631780409424     
          13          39  0.97903276977149845     
          14          40  0.97413519480600219     
          14          41  0.97113297193124271     
          15          42  0.96622802741286129     
          15          43  0.97637563442989017     
          16          44  0.96637406650965718     
          18          45  0.97741954163707789     
          18          46  0.97978824694932920     
          18          47  0.96927306618913178     
          19          48  0.97380021238107883     
          19          49  0.97210482120187347     
          19          50  0.98400917732837301     
          22          51  0.97533085835661981     
          22          52  0.98589861863088502     
          22          53  0.98301260115573608     
          23          54  0.98301157642147052     
          23          55  0.98302803986489795     
          23          56  0.98341449059826280     
          24          57  0.97552917504416681     
          24          58  0.98589669363097765     
          24          59  0.98305148223885785     
