           1           2   1.0192436485587351     
           2           3   1.0075605948957040     
           3           4   1.0057206828825715     
           4           5  0.99764206005189138     
           5           6  0.93953479989091493     
           6           7   1.1320631800124514     
           6           8  0.17260997964146774     
           7           8   1.7537899894998048     
           7           9  0.96965727056460993     
           9          10  0.99482731146285508     
          10          11   1.0210087469775486     
           1          12  0.98778961057514247     
           1          13  0.98723917259778204     
           1          14  0.98786895341491165     
           2          15  0.97848360350397190     
           2          16  0.97831561476437634     
           3          17  0.97722250539297795     
           3          18  0.97698305849686595     
           4          19  0.97513488157431949     
           4          20  0.97648971580982158     
           5          21  0.97177719751506153     
           5          22  0.96849580810961877     
           9          23  0.97379110852490802     
           9          24  0.95159371721519526     
          10          25  0.97598986030612789     
          10          26  0.97766874187620534     
          11          27  0.98732948704859802     
          11          28  0.98692917134398039     
          11          29  0.98688728407989434     
