           1           2   1.4421638314272087     
           2           3   1.4406246329499977     
           1           4  0.11054782036844851     
           3           4   1.4195143291968031     
           4           5  0.99454739648101653     
           5           6  0.97933485336825332     
           6           7  0.97933406139788115     
           7           8  0.99454735364597280     
           8           9   1.4111674668855949     
           9          10   1.4492782125336066     
           8          11  0.11054766954636268     
          10          11   1.4353840851737689     
           9          12  0.11244674359785717     
          11          12   1.4421637878627083     
           8          13   1.4195146761705091     
          10          13  0.11056190990942548     
          12          13   1.4406243529943747     
           2          14  0.11244646346973389     
           4          14   1.4111674302283261     
           1          15   1.4353837189571172     
           3          15  0.11056197995987507     
          14          15   1.4492784396057456     
           1          16  0.97144989155528372     
           2          17  0.97111271368277319     
           3          18  0.96857107534834996     
           5          19  0.96569290152943510     
           5          20  0.95963981648109009     
           7          21  0.96569301451764500     
           7          22  0.95964040806632822     
           9          23  0.96907478384612089     
          10          24  0.97098714283291787     
          11          25  0.97144983001509977     
          12          26  0.97111270257357896     
          13          27  0.96857103373044606     
          14          28  0.96907471369001075     
          15          29  0.97098718469403755     
