           1           2   1.0191665790796511     
           2           3   1.0076293730936152     
           3           4   1.0080907787269182     
           4           5   1.0062966528525858     
           5           6   1.0077447131459867     
           6           7   1.0072957602435917     
           7           8   1.0064608939385304     
           8           9   1.0144875503255320     
           9          10   1.9264127467021976     
           1          11  0.98799167840539892     
           1          12  0.98751957185610628     
           1          13  0.98801058787440299     
           2          14  0.97871589550167193     
           2          15  0.97848620491067662     
           3          16  0.97725158117389899     
           3          17  0.97593333461939680     
           4          18  0.97686000584898125     
           4          19  0.97740074194254190     
           5          20  0.97687310208652900     
           5          21  0.97723827340800384     
           6          22  0.97706683927421278     
           6          23  0.97563395283837762     
           7          24  0.97567566240946257     
           7          25  0.97586548500362835     
           8          26  0.94373116792045431     
           8          27  0.94370935794040967     
           9          28  0.93021943835456056     
