           1           2   1.9255992739184946     
           2           3   1.0122002089342761     
           3           4  0.98203821770461330     
           4           5   1.0102286203555364     
           4           6   1.0084076998877569     
           2           7   1.0121988652100711     
           7           8  0.98203951615904550     
           8           9   1.0102283023860301     
           8          10   1.0084079757328765     
           1          11  0.97571030163540073     
           1          12  0.97571062437532263     
           3          13  0.95963121551049801     
           3          14  0.97369045465887705     
           4          15  0.96668910644071826     
           5          16  0.98655119183018392     
           5          17  0.98517535421936564     
           5          18  0.98683831390258647     
           6          19  0.98625473273864039     
           6          20  0.98693070250460779     
           6          21  0.98670282660494335     
           7          22  0.97369052627666053     
           7          23  0.95963158429157946     
           8          24  0.96668912905470972     
           9          25  0.98655117758144539     
           9          26  0.98683852883243284     
           9          27  0.98517422208406080     
          10          28  0.98670282081484684     
          10          29  0.98625499850793563     
          10          30  0.98693074600046571     
