           1           2  0.98498178670958558     
           2           3   1.0278873891600306     
           3           4   1.4330773548081506     
           4           5   1.3426002850371905     
           5           6   1.1022935055401391     
           6           7   1.8430855067945888     
           7           8   1.0158578120840989     
           8           9  0.98954562258833423     
           5          10   1.3819346584364331     
          10          11   1.4413338304070020     
           3          12   1.2753694278734256     
          11          12   1.3896980906659933     
          12          13   1.0864560091610338     
           1          14  0.97685650230823640     
           1          15  0.97683045443092498     
           1          16  0.97950523183868854     
           4          17  0.95984000949221848     
           6          18  0.96117688329998630     
           7          19  0.96061972168085830     
           8          20  0.96694558890860494     
           8          21  0.95580475088635430     
           9          22  0.90526891659717013     
          10          23  0.96821033701513604     
          11          24  0.96668633749019994     
          13          25  0.87394227120288537     
