           1           2   1.0192771070456621     
           2           3  0.93841885346381637     
           3           4   1.1302129177603824     
           3           5  0.17055166765161636     
           4           5   1.7539911556753331     
           4           6  0.95568695498357614     
           6           7  0.99706076147992084     
           7           8   1.0089304297794455     
           8           9   1.0093620334242570     
           9          10   1.0088276052742806     
           6          11  0.98205305511703578     
          10          11   1.0094487081263477     
           1          12  0.98530984113654596     
           1          13  0.98373356010707191     
           1          14  0.98560142449205457     
           2          15  0.96875656520091225     
           2          16  0.96916023981617394     
           6          17  0.94544522380411145     
           7          18  0.97555057250708621     
           7          19  0.97696605828649763     
           8          20  0.97500259666523459     
           8          21  0.97721669584094062     
           9          22  0.97719453748144958     
           9          23  0.97764705415458975     
          10          24  0.97727160172273253     
          10          25  0.97668591556231887     
          11          26  0.97590012150336802     
          11          27  0.97528569796784526     
