   -0.10972535
   -0.06008119
    0.07543683
   -0.26474156
    0.35396735
   -0.40746688
   -0.02366168
   -0.00385716
   -0.02821298
    0.07120197
    0.34957721
   -0.41647737
   -0.22815014
    0.07773372
   -0.06062410
   -0.10860049
   -0.19196440
    0.06969609
    0.04399692
    0.04803429
    0.03950029
    0.05322691
    0.04437338
    0.05640377
    0.05895561
    0.06622803
    0.07428314
    0.05574029
    0.05082759
    0.04476838
    0.05603437
    0.03897446
    0.04242465
    0.05596488
    0.07621320
