           1           2   1.0181546313065053     
           2           3  0.99701928031534304     
           3           4  0.93625054254266982     
           4           5   1.1338217032292508     
           4           6  0.17600016825437970     
           5           6   1.7277945420183161     
           5           7  0.99197459384700970     
           7           8   1.3978609797815489     
           8           9   1.4534896106793880     
           7          10  0.10180803905865476     
           9          10   1.3850005497661133     
          10          11  0.96946160801032266     
          11          12   1.7127013705216720     
          11          13   1.1712122206606512     
          12          13  0.18622823733206006     
          13          14  0.93454499021888326     
          14          15   1.0059911989952475     
          15          16   1.0198008371779388     
          10          17   1.3921173282248211     
           7          18   1.3626020413174893     
           9          18  0.10436390621411387     
          17          18   1.4738181971640778     
           1          19  0.98718585378907575     
           1          20  0.98592606698065088     
           1          21  0.98743869566741937     
           2          22  0.97601281544182128     
           2          23  0.97735460528398344     
           3          24  0.97116152560815849     
           3          25  0.96767204447804800     
           8          26  0.96422545592070852     
           9          27  0.96333393583870108     
          14          28  0.96574544038315524     
          14          29  0.96658058193709595     
          15          30  0.97511387241818259     
          15          31  0.97542529214427243     
          16          32  0.98750777976998716     
          16          33  0.98685024337406346     
          16          34  0.98578107727354092     
          18          35  0.95692695242628767     
