           1           2   1.9779662111380347     
           2           3   1.0103638711521026     
           3           4  0.99389730214612304     
           4           5   1.8058681252821160     
           5           6   1.0024466049190890     
           6           7  0.98122104513501918     
           7           8  0.99370940123745444     
           6           9  0.95457693268426858     
           9          10  0.98457895898020231     
           5          11  0.11188599235341076     
           9          11  0.98973387155305226     
           4          12   1.0882697634210396     
          11          12   1.8609923780389890     
           1          13  0.97510997436034885     
           1          14  0.97641144751411046     
           2          15  0.96732333270077986     
           3          16  0.96131642790099936     
           3          17  0.96239241716056023     
           5          18  0.96351424322850676     
           6          19  0.93563915211711057     
           8          20  0.97986156422139659     
           8          21  0.97747450633007005     
           8          22  0.97723211460646053     
           9          23  0.96080584229193711     
          10          24  0.89723674385496621     
          11          25  0.96750565992674953     
          12          26  0.96507293927638127     
