           1           2   1.8725968184584376     
           2           3   1.0589935466645164     
           3           4   1.3741380740641309     
           4           5   1.4594960572217954     
           5           6   1.4294751748278456     
           4           7  0.10518306941989759     
           6           7   1.4296575529991864     
           3           8   1.3705393207924446     
           5           8  0.10553176822620822     
           7           8   1.4602059209804525     
           2           9  0.93042948266584913     
           4          10  0.96742124079160774     
           5          11  0.97016243854903117     
           6          12  0.97080475638656882     
           7          13  0.96974325978704234     
           8          14  0.96575578432562514     
