   -0.14716484
    0.36640041
   -0.42112779
   -0.26083609
    0.06479538
    0.11900292
   -0.12440820
   -0.43318741
    0.35073207
   -0.42976771
   -0.24249179
    0.07503668
   -0.07026404
   -0.01159566
   -0.10935127
   -0.11245164
    0.09143088
    0.07831670
    0.07591974
    0.06132900
    0.07613941
    0.06530664
    0.05996672
    0.06694802
    0.31448882
    0.06283597
    0.06879900
    0.04455373
    0.05580114
    0.02971517
    0.03538765
    0.04057721
    0.03984340
    0.03591083
    0.04014798
    0.04326100
