           1           2  0.99193323113614851     
           2           3   1.7436297105331722     
           2           4   1.1234194725229256     
           3           4  0.16634966574629037     
           4           5  0.95561441922133106     
           5           6  0.93375041507314038     
           6           7  0.98863258954936162     
           6           8   1.0061444139237177     
           6           9  0.92060891328876804     
           9          10   1.7143483833959574     
           9          11   1.1910619858100309     
          10          11  0.17723111747216586     
          11          12  0.92140044125078091     
          12          13  0.99839943723916402     
          13          14  0.99416799701881720     
          14          15   1.0082642658797631     
          14          16   1.0098994251374909     
           1          17  0.95074259860735877     
           1          18  0.97648834826159259     
           1          19  0.97716395939358580     
           5          20  0.96626422805876966     
           5          21  0.96509245203171146     
           7          22  0.98207317707131081     
           7          23  0.98292976582426617     
           7          24  0.98254784304706932     
           8          25  0.87144940251762382     
          12          26  0.97049498914123578     
          12          27  0.96548556299368526     
          13          28  0.97455399627886274     
          13          29  0.97371412106184096     
          14          30  0.96881322291867233     
          15          31  0.98658524085546584     
          15          32  0.98669522651915131     
          15          33  0.98602545135576247     
          16          34  0.98515547566149786     
          16          35  0.98579749483558954     
          16          36  0.98609992013576153     
