           1           2   1.0196961148115034     
           2           3   1.0081820469395160     
           3           4   1.0021315397328525     
           4           5  0.97563686250168336     
           5           6  0.99143876330829517     
           6           7  0.97411380607511389     
           7           8   1.0568326949469191     
           8           9   2.8511844403268745     
           1          10  0.98779145168326554     
           1          11  0.98723844894691581     
           1          12  0.98777853402885607     
           2          13  0.97828722923790878     
           2          14  0.97725439811341341     
           3          15  0.97551054011658400     
           3          16  0.97509426949193023     
           4          17  0.96777959306255834     
           4          18  0.96720535647905614     
           6          19  0.96719254333766891     
           6          20  0.96713239019102315     
           7          21  0.94183113741240176     
           7          22  0.94164607111890386     
