           1           2   1.7703643305696080     
           1           3  0.17230761163686509     
           2           3   1.1303030459649182     
           2           4  0.97777021849805634     
           4           5   1.0064732305534700     
           5           6   1.0007570759024613     
           6           7   1.0180255070910631     
           7           8  0.96162431406383131     
           3           9  0.86500191096037993     
           4          10  0.95837784324136965     
           4          11  0.94631119781217632     
           5          12  0.97707541424469169     
           5          13  0.97418622966460056     
           6          14  0.97611311406682133     
           6          15  0.97454879577018128     
           7          16  0.97875806329725845     
           7          17  0.97876241668989272     
