   -0.15399652
    0.14098095
   -0.06923887
   -0.01770957
   -0.06315953
   -0.07010560
    0.11150417
   -0.12182345
   -0.20796485
    0.35923123
   -0.37794229
   -0.00148961
   -0.11026230
   -0.10782159
   -0.05640900
   -0.10252185
   -0.02536114
   -0.05759062
   -0.05393113
   -0.05956265
   -0.05273676
   -0.10242742
   -0.27195646
    0.08936994
   -0.06910212
    0.00299860
   -0.10918105
   -0.06126161
   -0.05269639
   -0.06036791
    0.00679090
   -0.10987225
   -0.10657213
    0.03041433
    0.02888861
    0.04649027
    0.05211779
    0.04667047
    0.03817616
    0.03714174
    0.06289862
    0.06626951
    0.05151564
    0.05132116
    0.04046032
    0.04621627
    0.04535252
    0.04381174
    0.03904287
    0.03711104
    0.03354316
    0.03860583
    0.03914445
    0.04761141
    0.04492567
    0.03349169
    0.02925308
    0.03431424
    0.03050037
    0.02965294
    0.03010522
    0.02829539
    0.03263798
    0.03288010
    0.03282948
    0.03101533
    0.03101914
    0.05198378
    0.04033572
    0.04249699
    0.04609968
    0.03927258
    0.04337771
    0.03562861
    0.03294587
    0.02469403
    0.04162459
    0.04288099
    0.03663352
    0.03985507
    0.03923544
    0.04139975
