           1           2   1.8238292226503297     
           2           3  0.99555048515731737     
           3           4  0.98989116554269629     
           4           5  0.99348612880239417     
           5           6   1.0036074205347572     
           6           7   1.0035169916889464     
           7           8   1.8297995278857215     
           8           9  0.95775792274223304     
           9          10   1.0980779894574040     
           9          11  0.16081055157729013     
          10          11   1.7960193709494219     
          10          12  0.92769133546146199     
          12          13  0.99983457050431324     
          12          14  0.97998476660065947     
          12          15  0.97490278656691254     
          15          16   1.0198584831720290     
           4          17  0.97469255271844546     
           7          17  0.98844694948594758     
          17          18  0.97090416959642190     
          18          19   1.0081648688957952     
          19          20   1.0052664200242079     
          20          21   1.0089232064715989     
          21          22   1.0189585340521030     
           1          23  0.12541980632179694     
           2          23   1.0665041040812029     
          23          24  0.96979090709267912     
          24          25   1.0158669045848894     
          25          26   1.8759262785634920     
          26          27   1.0231328930760617     
          26          28   1.0141550517902900     
          28          29  0.96707046036080246     
          29          30   1.0221229078599841     
          30          31   1.8826235243082863     
          31          32   1.0220694173818803     
          31          33   1.0240083018111323     
           1          34  0.97298855084894553     
           1          35  0.97673486727371894     
           3          36  0.97246134530805162     
           3          37  0.96000140608617213     
           4          38  0.96780842272244916     
           5          39  0.97737499719259180     
           5          40  0.98057627255581048     
           6          41  0.95742559496624935     
           6          42  0.95983200845848371     
          13          43  0.98247324218567966     
          13          44  0.98415076163160709     
          13          45  0.98539041697455798     
          14          46  0.98368647924826402     
          14          47  0.98292981722077000     
          14          48  0.98550351032453298     
          15          49  0.97370857139267142     
          15          50  0.97584114149935852     
          16          51  0.98591604531409582     
          16          52  0.98565713087393325     
          16          53  0.98334833405336686     
          17          54  0.95860499445236425     
          18          55  0.96597876225754686     
          18          56  0.97581402476395263     
          19          57  0.97434822979733471     
          19          58  0.97603358997516876     
          20          59  0.97709568795431745     
          20          60  0.97724029154104319     
          21          61  0.97580612469781869     
          21          62  0.97842827936888321     
          22          63  0.98759288498327757     
          22          64  0.98784695110763732     
          22          65  0.98805525219025014     
          24          66  0.95099608675852043     
          24          67  0.95185866885110637     
          25          68  0.96158526557173229     
          27          69  0.97159065142532419     
          27          70  0.97067965652705646     
          27          71  0.98524369709777149     
          28          72  0.97532301996702420     
          28          73  0.96748290131177961     
          29          74  0.96761118656675005     
          29          75  0.97576722744885314     
          30          76  0.96574414926598728     
          32          77  0.97282989228839856     
          32          78  0.97387694126458080     
          32          79  0.98528234624204902     
          33          80  0.97684816668540253     
          33          81  0.97918540384290476     
          33          82  0.96981912822893512     
