           1           2   1.0262173027824284     
           2           3   1.3998074235877831     
           3           4   1.4548756756528167     
           2           5  0.10378171331012651     
           4           5   1.4006284789086640     
           5           6  0.99916182806416876     
           6           7  0.99519661117096991     
           6           8  0.99787981800141290     
           5           9   1.3827074534398918     
           9          10  0.95738423949573070     
           2          11   1.4132630817801966     
           4          11  0.10663371047742409     
           9          11   1.4110998691756520     
           1          12  0.98150975287570086     
           1          13  0.98129765435326344     
           1          14  0.96626211236700099     
           3          15  0.96882439030016909     
           4          16  0.96454475374013193     
           6          17  0.96277703175368601     
           7          18  0.98746561248128750     
           7          19  0.98550849734688717     
           7          20  0.98527257894948861     
           8          21  0.98745494690688962     
           8          22  0.98560478527566009     
           8          23  0.98466099337853441     
          11          24  0.96630247102378575     
