           1           2   1.0230535245253338     
           2           3   1.0245701469609592     
           2           4   1.8838668359809891     
           4           5   1.0227807608407755     
           5           6  0.95995171658831124     
           6           7   1.0257304959194622     
           7           8   1.0437171077303731     
           7           9   1.7637135148160188     
           9          10   1.0681235195529279     
          10          11   1.7040390074022367     
          10          12   1.0955015316250998     
          11          12  0.16033155765019264     
           1          13  0.97249910231932324     
           1          14  0.98517824417320810     
           1          15  0.97325416437923662     
           3          16  0.96905430986355179     
           3          17  0.97679652515735760     
           3          18  0.97971039655640479     
           4          19  0.96600915060419557     
           5          20  0.97612878723238294     
           5          21  0.96576203219677015     
           6          22  0.97392305096885712     
           6          23  0.96328738468406838     
           8          24  0.98432412312807283     
           8          25  0.95509376934580348     
           8          26  0.95842415850857154     
           9          27  0.96346947713279474     
          12          28  0.87432252109652975     
