   -0.11849379
    0.11727614
   -0.44166233
    0.07258574
   -0.32440900
    0.08550936
   -0.03449332
   -0.05320764
   -0.06977470
    0.11815828
   -0.11451218
   -0.32499382
    0.10874808
   -0.11776260
    0.05420846
    0.06368194
    0.04062063
    0.02540841
    0.30160021
    0.02672737
    0.01816692
    0.01559486
    0.02032452
    0.05475051
    0.03095035
    0.04049513
    0.03259668
    0.04299584
    0.01467653
    0.04118745
    0.05329941
    0.05255062
    0.03905775
    0.04097562
    0.03476884
    0.05239371
