           1           2   1.0058698363784497     
           2           3  0.99711237129994135     
           2           4  0.97893395249630377     
           4           5  0.98123052298804647     
           5           6  0.97970724239127993     
           6           7  0.99087248957069329     
           7           8  0.99818251118006418     
           8           9   1.0075464187958219     
           9          10  0.98829550832222768     
          10          11   1.0037714050581044     
          10          12  0.96782185555250266     
           7          13  0.97204737748185754     
          12          13  0.98003160805049960     
          13          14  0.99708737675293124     
           1          15  0.98509786933290622     
           1          16  0.98347019963174898     
           1          17  0.98641407412735638     
           2          18  0.95923714077658317     
           3          19  0.88860887478564266     
           4          20  0.96613707667374538     
           4          21  0.96737020975133647     
           6          22  0.96619455277777710     
           6          23  0.96575845057876764     
           7          24  0.96381680837546124     
           8          25  0.97352869139795939     
           8          26  0.97513429751245295     
           9          27  0.97657414076278437     
           9          28  0.97588034242699995     
          10          29  0.95915468196642129     
          11          30  0.98592482414172999     
          11          31  0.98498187863914943     
          11          32  0.98529228757308185     
          13          33  0.96147743381422734     
          14          34  0.98202333371771999     
          14          35  0.98569293445437411     
          14          36  0.98448605233592923     
