           1           2   1.0197240439388386     
           2           3   1.0076780476333518     
           3           4   1.0063383017422838     
           4           5  0.93358459970536667     
           5           6   1.1415687318272032     
           5           7  0.17418167545730950     
           6           7   1.7498970133594569     
           6           8  0.97282596838369673     
           8           9   1.0039237683800131     
           9          10  0.98608054626094199     
          10          11  0.99713275198612383     
           1          12  0.98708436629000640     
           1          13  0.98766785973608362     
           1          14  0.98769493887858573     
           2          15  0.97810902192280480     
           2          16  0.97740546071374046     
           3          17  0.97376523728394149     
           3          18  0.97431774948229355     
           4          19  0.96773745563179592     
           4          20  0.96832948649317330     
           8          21  0.95119407069673434     
           8          22  0.95318923047738968     
           9          23  0.96687359242018767     
           9          24  0.96658670827670035     
          11          25  0.97688596522588667     
          11          26  0.97687687612389051     
          11          27  0.97994537556273842     
