   -0.09854455
   -0.06463497
    0.04794950
   -0.11409029
   -0.10584199
    0.27528041
   -0.38889674
   -0.04814095
   -0.04795375
   -0.05799019
   -0.05716686
   -0.05544989
   -0.04689746
    0.28058081
   -0.38805709
    0.04005563
    0.03880876
    0.02739173
    0.04228147
    0.06150369
    0.06507047
    0.04863728
    0.06001410
    0.04165735
    0.05704308
    0.04701265
    0.03324191
    0.04026085
    0.03835903
    0.03752839
    0.03870808
    0.05641419
    0.03937054
    0.05649479
