           1           2   1.0200277360600698     
           2           3  0.98841422625188546     
           3           4   1.0013226434025384     
           3           5  0.94930830479967521     
           5           6   1.1312967437905677     
           5           7  0.14148082445270491     
           6           7   1.7587417342428762     
           6           8  0.95541895956446932     
           8           9  0.96747226894423133     
           9          10   1.0062428076856573     
          10          11   1.0091296592953958     
          11          12   1.0090982985332717     
           8          13  0.98194195747944768     
          12          13  0.99242324696943984     
           5          14   1.1313493627368758     
          13          14  0.95377301223428879     
           5          15  0.13847086121039565     
          14          15   1.7593824707180294     
           1          16  0.98661360496157058     
           1          17  0.98695182087912325     
           1          18  0.98448211034498889     
           2          19  0.97440962826364330     
           2          20  0.97268470285611253     
           3          21  0.95775112142201047     
           4          22  0.98358093843378458     
           4          23  0.98336169345550739     
           4          24  0.98625796303112878     
           8          25  0.96300544077146355     
           9          26  0.97627910821928510     
           9          27  0.97218765805129614     
          10          28  0.97637432973046479     
          10          29  0.97499724219892792     
          11          30  0.97652732554635746     
          11          31  0.97648178572960220     
          12          32  0.97153824127244492     
          12          33  0.97674133504989913     
          13          34  0.93845913073123099     
