           1           2   1.9766012204766441     
           2           3   1.0063836971278057     
           3           4   1.0007140230403884     
           4           5   1.7966121817215805     
           5           6   1.1099523517661614     
           6           7   1.7265107564215247     
           7           8   1.0560281135900138     
           8           9  0.96301576679535117     
           9          10   1.0035005807246595     
           7          11  0.97082087083953950     
          10          11  0.95519588834612457     
           4          12   1.0009188606396506     
          11          12  0.99331417765721253     
           1          13  0.97495836251874046     
           1          14  0.97607175354309161     
           2          15  0.96723293941500832     
           3          16  0.96273711759157621     
           3          17  0.96023753281536872     
           5          18  0.96568002826047461     
           6          19  0.96417758647397656     
           9          20  0.96398967547320358     
           9          21  0.95640524800980486     
          11          22  0.94548507304391627     
          12          23  0.96828374518415361     
          12          24  0.95504253735598832     
