           1           2   1.0023893871615517     
           2           3  0.97759176133386838     
           2           4  0.99429138586328125     
           4           5  0.99742708393613988     
           5           6   1.0131048227933852     
           1           7  0.98558272510746670     
           1           8  0.98466785748712593     
           1           9  0.98514160669651418     
           2          10  0.96124430895369972     
           3          11  0.89741377601342631     
           4          12  0.97534971824981032     
           4          13  0.97301873780717341     
           5          14  0.97313457443062501     
           5          15  0.96683596270326921     
           6          16  0.87089616282701887     
