           1           2   1.9797900130959070     
           2           3  0.98913764985469510     
           3           4  0.97424853168213910     
           3           5  0.98137016720357684     
           3           6  0.96388559862143597     
           6           7  0.98900023772049439     
           7           8   1.0227562206782470     
           8           9   1.8851610947605209     
           9          10   1.0206791566066027     
           9          11   1.0228811157692588     
           1          12  0.97234301809940660     
           1          13  0.97635187913990840     
           2          14  0.96593889418229706     
           4          15  0.98418054904857932     
           4          16  0.98602139342267869     
           4          17  0.98566500258206624     
           5          18  0.89896785887030772     
           6          19  0.97401502594058420     
           6          20  0.97769861583020889     
           7          21  0.96697615197356868     
           7          22  0.96862430105601260     
           8          23  0.96483328367857391     
          10          24  0.97382514163476697     
          10          25  0.97436359291162578     
          10          26  0.98545138730397142     
          11          27  0.98008843068045259     
          11          28  0.97219256882269267     
          11          29  0.97481179827448761     
