           1           2   1.0226194375179793     
           2           3   1.8866382782212854     
           3           4   1.0199296555598716     
           4           5  0.99678293703894372     
           5           6  0.96173463721468277     
           6           7  0.99674238234662926     
           6           8  0.98957901234719470     
           6           9  0.97210734187848558     
           5          10  0.99753417764912966     
           2          11   1.0088047233472390     
          10          11   1.0059112477651404     
           1          12  0.97283106733353930     
           1          13  0.97436191022084229     
           1          14  0.98523542196953162     
           3          15  0.96564781538186661     
           4          16  0.95546466879067460     
           4          17  0.96652995424364818     
           5          18  0.96421380932812817     
           7          19  0.98230918923962429     
           7          20  0.98395164873851459     
           7          21  0.98253405609106892     
           8          22  0.98535989445453565     
           8          23  0.98449958248058378     
           8          24  0.98466436811603208     
           9          25  0.90165379915873067     
          10          26  0.97454612206107583     
          10          27  0.97620266528921196     
          11          28  0.96825525238033094     
          11          29  0.96129602321766261     
