           1           2   1.0159317448512526     
           2           3  0.96154591280210655     
           3           4   1.0893228256851781     
           4           5   1.3268430811811571     
           5           6   1.4986240114744727     
           6           7   1.3557200982509694     
           7           8   1.0406163645172350     
           8           9  0.99958302475072558     
           8          10   1.8083276511365096     
           7          11   1.3762653413448667     
           4          12   1.3555011795333680     
          11          12   1.4666525654403579     
           1          13  0.98557029967633647     
           1          14  0.98465333517253883     
           1          15  0.98557030634994525     
           2          16  0.96831686771769965     
           2          17  0.96831686472892653     
           5          18  0.96757060430595920     
           6          19  0.96573078321546946     
           9          20  0.96409452024389131     
           9          21  0.96409469518346158     
           9          22  0.98379890684358506     
          11          23  0.96470635216206135     
          12          24  0.96545406956392321     
