           1           2  0.95367832751928860     
           2           3   1.1404755759145091     
           2           4  0.17401883596502377     
           3           4   1.7529873794477648     
           3           5  0.97046194401486252     
           5           6  0.99070953118009419     
           6           7  0.97865627443057845     
           7           8  0.98454787029089674     
           6           9  0.92594664899878565     
           9          10   1.7628877732504808     
           9          11   1.1496606470803257     
          10          11  0.17848331678145313     
          11          12  0.94926780378355013     
           1          13  0.98142324171145789     
           1          14  0.97707367423675140     
           1          15  0.97707816313535423     
           5          16  0.96134256659561035     
           5          17  0.94513075024269111     
           6          18  0.94646788094536827     
           8          19  0.97730188892083381     
           8          20  0.97819087461179977     
           8          21  0.97591277916372010     
          12          22  0.97644813221331139     
          12          23  0.97649502709624758     
          12          24  0.98163479110136098     
