           1           2   1.0075900312126207     
           2           3  0.99873660750981041     
           3           4   1.0095360569938456     
           4           5  0.98860486411112003     
           5           6  0.98842807863965965     
           6           7   1.8696220967879782     
           2           8  0.97575489169155749     
           6           8  0.99006270892570647     
           1           9  0.98593464698506084     
           1          10  0.98541476418024454     
           1          11  0.98641306296952735     
           2          12  0.96873938202578846     
           3          13  0.97567236832023407     
           3          14  0.97426335531462560     
           4          15  0.97545727238342583     
           4          16  0.97812322653058881     
           5          17  0.95413567842883562     
           5          18  0.97469365200938252     
           8          19  0.97395314340029671     
           8          20  0.95212039705559959     
