   -0.10302108
   -0.05192469
   -0.05729246
   -0.06067523
   -0.02056756
   -0.05965361
   -0.10536302
    0.00269400
   -0.10055077
    0.27804344
   -0.38400306
   -0.04920983
   -0.01068930
   -0.04062355
   -0.04078937
   -0.01001643
   -0.05692108
   -0.04910963
    0.27791725
   -0.38585756
    0.03172613
    0.03896841
    0.03325850
    0.02794624
    0.02759431
    0.02494113
    0.03434396
    0.02935898
    0.04577253
    0.03827714
    0.03982084
    0.03532930
    0.03582861
    0.04071400
    0.03413115
    0.07040477
    0.06277025
    0.06051387
    0.04830825
    0.04090153
    0.04097379
    0.04733770
    0.04447157
    0.03336939
    0.06055120
