           1           2   1.0200566216488234     
           2           3   1.0068244529015178     
           3           4   1.0077084740157367     
           4           5  0.99739250504879651     
           5           6  0.99360186379195548     
           6           7   1.0204076701759313     
           5           8  0.98039618612315294     
           8           9  0.96770718632611319     
           9          10   1.1283461362024387     
           9          11  0.13967602815609304     
          10          11   1.7608839434834196     
          10          12  0.95832601449271460     
          12          13  0.93691893923131753     
          13          14   1.0082330872787730     
          14          15   1.9223395062139930     
          15          16   1.0076887851285166     
          13          17  0.98984802860165433     
          16          17  0.99028307885249212     
          12          18  0.99465428602382711     
          16          18  0.93575900449547078     
           9          19   1.1305256793626219     
          18          19  0.95897110008381070     
           9          20  0.14109472566816597     
          19          20   1.7563748198559472     
           1          21  0.98757125429667092     
           1          22  0.98648762558696124     
           1          23  0.98768151893517853     
           2          24  0.97862288456941959     
           2          25  0.97819904885947750     
           3          26  0.97695240216561130     
           3          27  0.97584659528395667     
           4          28  0.97062681200378864     
           4          29  0.97135436551127508     
           5          30  0.96494824200579021     
           6          31  0.97471242226703270     
           6          32  0.97647684898631737     
           7          33  0.98669084491924042     
           7          34  0.98463605301080637     
           7          35  0.98685465617782819     
           8          36  0.96639351514655092     
           8          37  0.96552188658548466     
          12          38  0.95439096914362931     
          13          39  0.97103230442209021     
          14          40  0.97075313395317908     
          15          41  0.97072859136874790     
          16          42  0.97124273474646072     
          17          43  0.97712249290878672     
          17          44  0.97277121817512580     
          18          45  0.95495304312745621     
