   -0.15453131
    0.13841286
   -0.07078953
   -0.02219114
   -0.05860288
   -0.06945225
    0.11227752
   -0.11985934
   -0.21079793
    0.36238165
   -0.37302729
   -0.09254329
   -0.05249292
   -0.05974961
   -0.05370356
   -0.09989178
   -0.03082771
   -0.05336277
   -0.05540175
   -0.05820418
   -0.05250324
   -0.10232202
   -0.27264873
    0.08749911
   -0.06987841
    0.00391948
   -0.11013844
   -0.06138160
   -0.05267576
   -0.06098785
    0.00742098
   -0.10968067
   -0.10835023
    0.03159187
    0.02956597
    0.05288593
    0.04535489
    0.04102341
    0.04005341
    0.04738585
    0.06335046
    0.06251381
    0.05974963
    0.06366459
    0.04419115
    0.03976900
    0.03836616
    0.03597681
    0.02953136
    0.03247687
    0.03137530
    0.03117154
    0.03702189
    0.05124400
    0.04138361
    0.03150227
    0.03467218
    0.02937285
    0.03251919
    0.02642292
    0.02868223
    0.02826537
    0.03555167
    0.03160307
    0.03476924
    0.03186139
    0.03032298
    0.05043858
    0.04144469
    0.04716470
    0.04225419
    0.04057781
    0.04014420
    0.03372026
    0.03438238
    0.02278362
    0.04214492
    0.03560322
    0.04260069
    0.04230296
    0.04090353
    0.04242602
