           1           2   1.8267073670223877     
           2           3  0.99547830286371797     
           3           4  0.98444686556903194     
           4           5  0.99468594399562082     
           5           6  0.99870966626862390     
           6           7   1.0070562826906100     
           7           8   1.8264614778030019     
           8           9  0.96012142993316540     
           9          10   1.0940453319228605     
           9          11  0.16027234790379702     
          10          11   1.7992084048665906     
          10          12  0.95995334068609905     
          12          13  0.98658960590448497     
          13          14   1.0092409712088992     
          14          15   1.0074161592991884     
          15          16   1.0196023102747565     
           4          17  0.98046469365237121     
           7          17  0.98674335128371249     
          17          18  0.97767687523791391     
          18          19   1.0084283451547706     
          19          20   1.0072914475755730     
          20          21   1.0069250284669826     
          21          22   1.0202378043237539     
           1          23  0.12756337210614971     
           2          23   1.0656001016785925     
          23          24  0.96996575395506102     
          24          25   1.0159134331180684     
          25          26   1.8782742560606898     
          26          27   1.0234314059756633     
          26          28   1.0142802040545695     
          28          29  0.96734695552264827     
          29          30   1.0217478314137893     
          30          31   1.8820706091191974     
          31          32   1.0220411210692595     
          31          33   1.0247889128214209     
           1          34  0.97736064249512966     
           1          35  0.97342013694153851     
           3          36  0.97029853728875981     
           3          37  0.97080149839196606     
           4          38  0.96411374614824497     
           5          39  0.97857405521798524     
           5          40  0.97689084625604905     
           6          41  0.96834964950775737     
           6          42  0.94936651993312515     
          12          43  0.96260330058435428     
          12          44  0.97313391809625294     
          13          45  0.97394858313561095     
          13          46  0.97532839413663841     
          14          47  0.97552623167914188     
          14          48  0.97631622183253575     
          15          49  0.97808381612195139     
          15          50  0.97833445316701850     
          16          51  0.98564120439685365     
          16          52  0.98767055793563996     
          16          53  0.98470464323352358     
          17          54  0.94506714471311959     
          18          55  0.97438410607049764     
          18          56  0.97361805871434470     
          19          57  0.97470110718442404     
          19          58  0.97175540798867699     
          20          59  0.97617626095848908     
          20          60  0.97683293902122514     
          21          61  0.97854598443641139     
          21          62  0.97808185223066446     
          22          63  0.98524827732420506     
          22          64  0.98744176921622451     
          22          65  0.98633652720352616     
          24          66  0.95193327102462821     
          24          67  0.95119029525252796     
          25          68  0.96184937304366513     
          27          69  0.97136856820912854     
          27          70  0.98539943161992838     
          27          71  0.97088749860785095     
          28          72  0.96815216530090864     
          28          73  0.97508836389931219     
          29          74  0.96938828857363779     
          29          75  0.97450030464100323     
          30          76  0.96587339615670231     
          32          77  0.97299984274721241     
          32          78  0.98537421525729973     
          32          79  0.97373586911181154     
          33          80  0.97028086616933173     
          33          81  0.97496652555157293     
          33          82  0.97979334919529504     
