           1           2   1.0198580090108811     
           2           3  0.97895519923351693     
           3           4  0.98836252839468131     
           3           5  0.99016331617938769     
           3           6  0.95897066964308264     
           6           7   1.0098744748767241     
           6           8  0.97825598465558949     
           8           9   1.0044858277191353     
           8          10  0.97303498781128772     
           1          11  0.98511640384843946     
           1          12  0.98712547681074725     
           1          13  0.98487801131981745     
           2          14  0.97451899388502528     
           2          15  0.97599697541690822     
           4          16  0.98212027691375159     
           4          17  0.98363768088784420     
           4          18  0.98496517754634783     
           5          19  0.86468683830312620     
           6          20  0.96402286778612190     
           7          21  0.98350941576377382     
           7          22  0.98068487252548575     
           7          23  0.98059080260078146     
           8          24  0.96126556053277734     
           9          25  0.98361765855345928     
           9          26  0.98528982768980256     
           9          27  0.98015568496495242     
          10          28  0.89408695571253538     
