           1           2   1.0192512698700786     
           2           3   1.0069095393290040     
           3           4   1.0065065189413855     
           4           5  0.96304636291903600     
           5           6  0.97723874870369132     
           6           7   1.9242977535942809     
           5           8  0.95563544695330460     
           8           9   1.0163940501295612     
           5          10  0.98504115866732367     
          10          11  0.97824891026963179     
          11          12   1.0549248396244315     
          12          13   2.8468457584819689     
           1          14  0.98711229877097317     
           1          15  0.98770786966849500     
           1          16  0.98772246019361576     
           2          17  0.97801407702896237     
           2          18  0.97834321413859515     
           3          19  0.97486882473839698     
           3          20  0.97249952014397167     
           4          21  0.97156023781603595     
           4          22  0.97357109079854709     
           6          23  0.92892443178242612     
           8          24  0.97500434793212776     
           8          25  0.97447904901855842     
           9          26  0.98427674017965172     
           9          27  0.98430521817050831     
           9          28  0.98506911356704119     
          10          29  0.97192264408564688     
          10          30  0.97466537221410443     
          11          31  0.94248169779197133     
          11          32  0.93874232799368673     
