           1           2  0.98865791525602531     
           2           3   1.0515765311769283     
           3           4   1.3825039468217253     
           4           5   1.4326423850512271     
           5           6   1.4232355536789090     
           6           7   1.0131583159769160     
           7           8  0.99077387661012595     
           8           9   1.0061870646104680     
           9          10  0.99381952981948618     
           4          11  0.10327706140662839     
           6          11   1.3882913652149396     
           3          12   1.3469371617615111     
           5          12  0.10832188606494449     
          11          12   1.4767768923169313     
           1          13  0.97666525967758400     
           1          14  0.97665077282980384     
           1          15  0.97993196419388995     
           4          16  0.96654987493927980     
           5          17  0.96872709509410737     
           7          18  0.97324517502771679     
           7          19  0.96959887139858958     
           8          20  0.97514575218874044     
           8          21  0.97627438897832719     
           9          22  0.97147638764804101     
           9          23  0.96963417873858826     
          10          24  0.90681363487433553     
          11          25  0.96885989753690416     
          12          26  0.96847593473791005     
