           1           2  0.99128646716636371     
           2           3   1.0097493849398955     
           3           4   1.9356652379916350     
           4           5  0.98578923850334776     
           5           6  0.96728266479310809     
           5           7  0.96700823101428812     
           7           8   1.0063270752941009     
           8           9   1.0095593743288886     
           9          10   1.0094348165875362     
           5          11  0.97794637501526438     
          10          11   1.0077994689531353     
           1          12  0.90506806464099943     
           2          13  0.95817849013294265     
           2          14  0.96763093179744164     
           3          15  0.96100855573531974     
           4          16  0.96103928500983338     
           6          17  0.90362259181713600     
           7          18  0.97553070473775316     
           7          19  0.97698100777906083     
           8          20  0.97638906129918834     
           8          21  0.97553153019956240     
           9          22  0.97718352134732722     
           9          23  0.97748886395670342     
          10          24  0.97744011105890460     
          10          25  0.97592023812047746     
          11          26  0.97512745421110192     
          11          27  0.97378426689519804     
