           1           2   1.0195194336582603     
           2           3  0.98855514686552381     
           3           4  0.97543399794009733     
           3           5  0.97907382940148191     
           5           6   1.0111837661633640     
           5           7  0.97174980921021181     
           7           8   1.0018371428411186     
           7           9  0.97737151874804418     
           9          10   1.0078916704129273     
           9          11   1.0100326611037747     
           1          12  0.98716404618230746     
           1          13  0.98501264939625588     
           1          14  0.98642501398160831     
           2          15  0.97482495677951597     
           2          16  0.97375829753827547     
           3          17  0.95969098850205392     
           4          18  0.89627825125955030     
           5          19  0.95888033564673714     
           6          20  0.98322971014334315     
           6          21  0.98219378817313474     
           6          22  0.98333818874438039     
           7          23  0.95497439743196377     
           8          24  0.86226702973630598     
           9          25  0.96529149586529372     
          10          26  0.98359396608822436     
          10          27  0.98699927615869076     
          10          28  0.98682683633084656     
          11          29  0.98493426168757670     
          11          30  0.98676023903686239     
          11          31  0.98426157399103353     
