           1           2   1.0062402305686147     
           2           3  0.99529248561043804     
           3           4  0.98902808662153763     
           4           5   1.0053362479803647     
           3           6   1.2163373568184854     
           6           7   1.0124725504041334     
           3           8  0.11300533291535121     
           6           8   1.6135123139130987     
           8           9   1.0952094666938548     
           9          10   1.6838469477582056     
           9          11   1.0542946287832189     
          10          11  0.14669263709734442     
          11          12  0.97261855102520989     
           1          13  0.98421427598202538     
           1          14  0.98292190893932008     
           1          15  0.98731724003649490     
           2          16  0.96867815349011177     
           2          17  0.96441105515818670     
           4          18  0.96732405592705317     
           4          19  0.96950614428878845     
           5          20  0.98619209510108818     
           5          21  0.98644883044046938     
           5          22  0.98519873648406575     
           7          23  0.98083791330775272     
           7          24  0.96634421170314211     
           7          25  0.97553064630572128     
           8          26  0.95634307086426396     
          12          27  0.98272453616647615     
          12          28  0.97695612211946314     
          12          29  0.97781789095219873     
