           1           2  0.95711517460238127     
           2           3   1.1196028493754746     
           2           4  0.17028235862861016     
           3           4   1.7717909760348796     
           3           5  0.95444097575850884     
           5           6   1.0094597467467039     
           6           7   1.4148456420821769     
           7           8   1.4449472168071131     
           6           9  0.10988997406119907     
           8           9   1.4389588172219252     
           7          10  0.11157284824328750     
           9          10   1.4389588938303892     
           6          11   1.4148463087009830     
           8          11  0.11157276886252948     
          10          11   1.4449468933682210     
           1          12  0.97755123460633819     
           1          13  0.98172759685203670     
           1          14  0.97755238880200435     
           5          15  0.95071847777999818     
           5          16  0.95072072348665049     
           7          17  0.96958544422176218     
           8          18  0.97108551052766057     
           9          19  0.97141701524207991     
          10          20  0.97108554174537809     
          11          21  0.96958541461901659     
