           1           2   1.9842781502862712     
           2           3   1.0032841998540976     
           3           4  0.97247068880763066     
           3           5  0.96603429781523698     
           5           6   1.0170632324152480     
           1           7  0.97444575783342069     
           1           8  0.97594994053742012     
           2           9  0.96276595266976572     
           3          10  0.95987276172024993     
           4          11  0.90131525184164785     
           5          12  0.96555491411883865     
           5          13  0.97273433610278637     
           6          14  0.88557286162091442     
