           1           2   1.0191765445289354     
           2           3  0.99143714393352034     
           3           4   1.0012084182690189     
           3           5  0.96984374590848121     
           5           6   1.0106253933065878     
           5           7  0.97215797494342537     
           7           8   1.0015743238636938     
           7           9  0.98381058850321168     
           1          10  0.98620867934771272     
           1          11  0.98737118069666385     
           1          12  0.98791002859270971     
           2          13  0.97519096624203239     
           2          14  0.97780909830167717     
           3          15  0.95650370155440589     
           4          16  0.86640574880223686     
           5          17  0.96710774082470330     
           6          18  0.98448686605244995     
           6          19  0.98195518954022998     
           6          20  0.98122449838766457     
           7          21  0.96175146307914550     
           8          22  0.98500976971503140     
           8          23  0.98538228774476799     
           8          24  0.98111310443997501     
           9          25  0.89195605482317719     
