           1           2  0.98640182298469492     
           2           3  0.98005056157232717     
           2           4  0.91469009962985770     
           4           5   1.1346093838322886     
           4           6  0.16605851685954809     
           5           6   1.7808598543762564     
           5           7  0.92596315706269650     
           7           8  0.96215974782183078     
           8           9   1.4090056223911303     
           9          10   1.4478508830316834     
           8          11  0.10869580691749922     
          10          11   1.4352932086423618     
           9          12  0.11283634446982821     
          11          12   1.4430371279521272     
           8          13   1.4181358850235934     
          10          13  0.11080825401763714     
          12          13   1.4374782512724356     
           2          14  0.96240805584906308     
           7          14  0.97559601361509096     
           1          15  0.98087896473625091     
           1          16  0.98282488124590017     
           1          17  0.98207100822940663     
           3          18  0.98240999230865977     
           3          19  0.98196305018304242     
           3          20  0.98215075301729482     
           7          21  0.93504482897649577     
           9          22  0.96622153146332346     
          10          23  0.97043637371666602     
          11          24  0.97098495645728966     
          12          25  0.97054878472578365     
          13          26  0.96635466098616551     
