           1           2   1.0154092840346249     
           2           3  0.96770796685769700     
           3           4   1.0644449415299084     
           4           5   1.3781071669490630     
           5           6   1.4323121406254042     
           6           7   1.4205584509963383     
           7           8   1.0141042174223474     
           8           9  0.97703846048415710     
           9          10   1.0059131708540252     
           5          11  0.10256183099440266     
           7          11   1.3850040487777968     
           4          12   1.3413480932821733     
           6          12  0.10744882368283942     
          11          12   1.4799292412844478     
           1          13  0.98582280351980611     
           1          14  0.98521391125483881     
           1          15  0.98582728534999753     
           2          16  0.96858409872809048     
           2          17  0.96856122568996694     
           5          18  0.96673587489412705     
           6          19  0.96828620761838435     
           8          20  0.97319128877724348     
           8          21  0.97158123437682931     
           9          22  0.97227913189039605     
           9          23  0.96993006345521504     
          10          24  0.89390918838418720     
          11          25  0.96881001498787600     
          12          26  0.96824034949268756     
