   -0.10953276
   -0.00938504
   -0.10809721
   -0.06837248
    0.07545613
   -0.26071694
    0.36151657
   -0.43093945
   -0.10983837
    0.15083628
   -0.44918414
   -0.06576651
   -0.05442388
   -0.05756334
   -0.05669684
   -0.06366211
    0.03884796
    0.03496738
    0.03656253
    0.03652587
    0.03864528
    0.03751675
    0.03451623
    0.05203822
    0.04451635
    0.05739338
    0.05488310
    0.07577180
    0.05727848
    0.30994075
    0.02872127
    0.02541675
    0.02698829
    0.04777490
    0.03032436
    0.02993074
    0.05460421
    0.02953252
    0.03039209
    0.04328087
