           1           2   1.0100956344567349     
           2           3   1.0086032433888519     
           2           4  0.99592739222210536     
           4           5  0.99866749586309911     
           5           6  0.93366421345446393     
           6           7   1.1531956284726463     
           6           8  0.17046122872157729     
           7           8   1.7125577307616811     
           7           9  0.98127641093492102     
           9          10  0.94542574341260555     
          10          11   1.0008632064708347     
          10          12  0.97285922846678052     
          12          13   1.0081669631023955     
          13          14   1.0095051437169287     
          14          15   1.0095594042412264     
          10          16  0.97899273405018306     
          15          16   1.0070682523268342     
           1          17  0.98604815966698856     
           1          18  0.98414523811936117     
           1          19  0.98640533988091395     
           2          20  0.96726601570090021     
           3          21  0.98616129370643524     
           3          22  0.98685475135980238     
           3          23  0.98612439860072898     
           4          24  0.97250345850509479     
           4          25  0.97249954725455623     
           5          26  0.96891221315364939     
           5          27  0.96836202041123620     
           9          28  0.95030956843042047     
           9          29  0.97473090026083220     
          11          30  0.86594314436062714     
          12          31  0.97621269662281041     
          12          32  0.97299786590207282     
          13          33  0.97729579075436579     
          13          34  0.97569572286327988     
          14          35  0.97749778807184262     
          14          36  0.97715294275304876     
          15          37  0.97523108153107008     
          15          38  0.97698418808546306     
          16          39  0.97664003351816131     
          16          40  0.97549587537115112     
