           1           2   1.0201050299254260     
           2           3  0.92311576713933108     
           3           4   1.1723081607487449     
           3           5  0.18961254302829197     
           4           5   1.7506069438190770     
           4           6  0.88952946947115585     
           6           7   1.8422708653753030     
           6           8   1.0447310634040898     
           8           9   1.3717782771518117     
           9          10   1.4588793902917050     
          10          11   1.4298706011581326     
           9          12  0.10461583562433792     
          11          12   1.4273206215581060     
           8          13   1.3646481239667518     
          10          13  0.10500725250867375     
          12          13   1.4622389946516958     
           1          14  0.98498071057967351     
           1          15  0.98433890123919909     
           1          16  0.98238979680277905     
           2          17  0.96846096949753413     
           2          18  0.96876129920178011     
           9          19  0.96590604183677431     
          10          20  0.96976649107595359     
          11          21  0.97043681423470574     
          12          22  0.96921924584206043     
          13          23  0.96479185621932650     
