           1           2  0.99562445474102268     
           2           3  0.92177282126743387     
           3           4   1.4840728995443029     
           3           5   1.4840728895940829     
           4           5  0.37804115178581849     
           1           6  0.97854785924099152     
           1           7  0.98454320312384302     
           1           8  0.98454321510280585     
           2           9  0.96796222236272333     
           2          10  0.96796228084517844     
