           1           2  0.95674438294316977     
           2           3   1.1266064507141842     
           2           4  0.17008969588898848     
           3           4   1.7576715337967079     
           3           5  0.94611204731687781     
           5           6  0.99196544405609477     
           5           7  0.97087974585438652     
           7           8   1.4087372695897347     
           8           9   1.4479219050641905     
           7          10  0.10861236470577892     
           9          10   1.4360470227885074     
           8          11  0.11188081466311528     
          10          11   1.4408883863959805     
           7          12   1.4145742460022022     
           9          12  0.11049343886894240     
          11          12   1.4410639320238152     
           1          13  0.97762980664893784     
           1          14  0.97723786192810103     
           1          15  0.98199444019134652     
           5          16  0.96177251626715798     
           6          17  0.98592475903895249     
           6          18  0.98281354739077487     
           6          19  0.98604061924909137     
           8          20  0.96672268986090049     
           9          21  0.97092629125042684     
          10          22  0.97134211176402074     
          11          23  0.97083942077415675     
          12          24  0.96849326191219787     
