           1           2  0.95114798813334811     
           2           3   1.1322386057099647     
           2           4  0.17698188867184664     
           3           4   1.7840361716330573     
           3           5  0.93604612153407074     
           5           6   1.0521445429769332     
           6           7   2.8670380789828380     
           1           8  0.97707909124590930     
           1           9  0.97707919456224490     
           1          10  0.98097386858906632     
           5          11  0.92754791654620483     
           5          12  0.92754072407211796     
