           1           2   1.7220466618480772     
           2           3   1.0802637808818227     
           3           4   1.7277736883663928     
           4           5   1.1645001665628210     
           5           6   1.3356863265417922     
           6           7   1.4936974328081192     
           7           8   1.3864320112559969     
           6           9  0.10928075186469467     
           8           9   1.4790805421157500     
           5          10   1.2946809115935427     
           9          10   1.3492439054919176     
           1          11  0.14409045288729441     
           2          11   1.0343690002756749     
          10          11   1.0759640257865770     
           3          12  0.96512210960310996     
           4          13  0.96432453098980664     
           6          14  0.96768316559507928     
           7          15  0.96975748379925875     
           8          16  0.96963443358135926     
           9          17  0.96572885502342354     
