           1           2   1.0082397672195509     
           2           3  0.99785397869051506     
           3           4   1.0082945454785996     
           4           5   1.0084077171797530     
           5           6  0.99404948572661755     
           6           7  0.98309417928654796     
           2           8  0.99635154400206771     
           6           8  0.98837593837511173     
           1           9  0.98652463250892530     
           1          10  0.98675519304197645     
           1          11  0.98639022170928015     
           2          12  0.96811020690676408     
           3          13  0.97658886376038712     
           3          14  0.97621116672594666     
           4          15  0.97704969474451375     
           4          16  0.97750118388567853     
           5          17  0.97567174345764129     
           5          18  0.97499516112366380     
           6          19  0.96099338638465337     
           7          20  0.90254752842366182     
           8          21  0.97507390474304589     
           8          22  0.97485749107265596     
