           1           2   1.0278125372190863     
           2           3   1.4350018053147322     
           3           4   1.4280030405784323     
           2           5  0.11845564284691863     
           4           5   1.4193562699289237     
           5           6   1.4280030404169708     
           2           7   1.3194710949289443     
           4           7  0.11845564275669065     
           6           7   1.4350018054978597     
           7           8   1.0278125371338782     
           1           9  0.98310546396758858     
           1          10  0.96627250527598041     
           1          11  0.96627225484151857     
           4          12  0.96339139497033111     
           5          13  0.96339139498953363     
           8          14  0.96627246333260652     
           8          15  0.98310546397589627     
           8          16  0.96627229683789895     
