           1           2   1.0018592491691425     
           2           3   1.0116049561059262     
           3           4   1.4253648490530137     
           4           5   1.4254995528847563     
           5           6   1.3993132172542380     
           6           7   1.0757577175098270     
           6           8   1.2898435063020630     
           8           9   1.0239288943084455     
           9          10  0.98690618529070706     
           3          11   1.3868208365283941     
           8          11   1.4134117756890381     
           1          12  0.98838719664650432     
           1          13  0.98653314086403254     
           1          14  0.98848042340461317     
           2          15  0.97472585193424000     
           2          16  0.97449116866556718     
           4          17  0.96908168516368476     
           5          18  0.96726738584939387     
           7          19  0.87657110469843225     
          10          20  0.97694479124636446     
          10          21  0.97688806513710913     
          10          22  0.97974210786546767     
          11          23  0.96389340935670520     
