           1           2   1.0070402381112327     
           2           3   1.0015640273268567     
           2           4  0.92119483060459739     
           4           5   1.1316488419163133     
           4           6  0.17114423879294990     
           5           6   1.7151604126335602     
           5           7  0.99899556525494948     
           7           8   1.3893914594782828     
           8           9   1.4531391655621970     
           7          10  0.10371270403208198     
           9          10   1.4341524718029826     
           8          11  0.10771402142631185     
          10          11   1.4328537955609411     
           7          12   1.3900050980437826     
           9          12  0.10827407897638887     
          11          12   1.4540650842558207     
           1          13  0.98518312327211621     
           1          14  0.98464631953184401     
           1          15  0.98399473953003591     
           2          16  0.96019578566514063     
           3          17  0.98398678651504989     
           3          18  0.98417630338793582     
           3          19  0.98563472427241317     
           8          20  0.96567442073172738     
           9          21  0.97010157908259376     
          10          22  0.97097205406764253     
          11          23  0.97042062504532423     
          12          24  0.96686704001891988     
