           1           2   1.9304201566185828     
           2           3  0.99048468798901612     
           3           4  0.98408961973068831     
           4           5   1.4107433938197400     
           5           6   1.4450591069488679     
           4           7  0.10809538162434676     
           6           7   1.4380898055906068     
           5           8  0.11121416207842241     
           7           8   1.4385429380344519     
           4           9   1.4103866877887525     
           6           9  0.11094631182571274     
           8           9   1.4446290748790824     
           2          10  0.93117377099433174     
           3          11  0.94390206998931270     
           3          12  0.96961152573879938     
           5          13  0.96890806152264797     
           6          14  0.97069781399729849     
           7          15  0.97119179014100721     
           8          16  0.97085702414004049     
           9          17  0.96937182832942781     
