           1           2   1.0192536963725451     
           2           3   1.0077618059852553     
           3           4   1.0073153476732306     
           4           5   1.0073701682380760     
           5           6   1.0016808037240497     
           6           7  0.95842043698801915     
           7           8   1.0970498535249895     
           8           9   1.3684164736024371     
           9          10   1.4467670285647252     
          10          11   1.4176513126323276     
           9          12  0.10163025580920408     
          11          12   1.4577328548150790     
           8          13   1.2830585421986678     
          12          13   1.3796842005954413     
          13          14   1.0763559423558442     
          14          15   1.8522898577126017     
           1          16  0.98736322443369828     
           1          17  0.98797043363064496     
           1          18  0.98787525110210295     
           2          19  0.97844534158779883     
           2          20  0.97858087140033678     
           3          21  0.97735822412594109     
           3          22  0.97724645601907134     
           4          23  0.97709072810936737     
           4          24  0.97585930319253766     
           5          25  0.97492934345437077     
           5          26  0.97470378656353651     
           6          27  0.96725976322116192     
           6          28  0.96671792612037188     
           9          29  0.96545169358156324     
          10          30  0.97061224052314465     
          11          31  0.96978409838770985     
          12          32  0.96414216251278595     
          14          33  0.93234752709760238     
