           1           2   1.0251324534080073     
           2           3   1.4043529447122340     
           3           4   1.4487689593912014     
           2           5  0.10622759963138079     
           4           5   1.4360477691526898     
           3           6  0.10649070371067904     
           5           6   1.4099716282973516     
           6           7   1.0140283344282628     
           7           8  0.97649020909471840     
           8           9   1.0062129102986710     
           2          10   1.4212818241066887     
           4          10  0.10879793617367137     
           6          10   1.4114702665589947     
           1          11  0.96756966576001713     
           1          12  0.98270963385823773     
           1          13  0.98128668600850188     
           3          14  0.96994206335103350     
           4          15  0.97105485403219749     
           5          16  0.96862439176175719     
           7          17  0.97123775883399388     
           7          18  0.97322136123867065     
           8          19  0.96972005919799464     
           8          20  0.97224188475816287     
           9          21  0.89391975956825676     
          10          22  0.96762315477748495     
