           1           2   1.7732009012974961     
           2           3   1.1310050394749553     
           3           4   1.3345601050457789     
           4           5   1.4990814055751784     
           5           6   1.3756022077411623     
           4           7  0.10665993192555832     
           6           7   1.4894712277211333     
           3           8   1.2732633652014189     
           7           8   1.3321124441848615     
           8           9   1.1689058505164458     
           2          10  0.93591999697949491     
           4          11  0.96690369376415464     
           5          12  0.97004072450277734     
           6          13  0.96997991441754738     
           7          14  0.96628128557591986     
           9          15  0.80443896952856586     
