           1           2  0.99621481820063085     
           2           3   1.0025345122372169     
           2           4  0.95404519134217725     
           4           5  0.98977624736523584     
           5           6  0.95222972827513852     
           6           7  0.98996678472886690     
           7           8   1.4082193133915897     
           8           9   1.4500607412160802     
           7          10  0.10999227380928274     
           9          10   1.4341333685750457     
           8          11  0.11259654773181438     
          10          11   1.4434410128291106     
           7          12   1.4199671060019241     
           9          12  0.11077328396302383     
          11          12   1.4389849194507778     
           2          13  0.98841991194744239     
           6          13  0.99925897924813856     
           1          14  0.98520288546101953     
           1          15  0.98419964874507859     
           1          16  0.98422576819841767     
           3          17  0.98430420286736608     
           3          18  0.98409058688761220     
           3          19  0.98458696914305055     
           4          20  0.97336262344353541     
           4          21  0.96924865946361849     
           6          22  0.94058524997792081     
           8          23  0.96906606455051669     
           9          24  0.97089901307527504     
          10          25  0.97135285606655108     
          11          26  0.97088269803816307     
          12          27  0.96673009856899150     
          13          28  0.95016755619644755     
