           1           2  0.95547679469948066     
           2           3   1.1345330983497781     
           2           4  0.17031233397615628     
           3           4   1.7518031126486222     
           3           5  0.97175800536670176     
           5           6   1.0026675038041104     
           6           7  0.97642313606411846     
           7           8   1.0129541970392240     
           7           9   1.8679883291824040     
           1          10  0.97722126323076286     
           1          11  0.97744691942661799     
           1          12  0.98173802094080032     
           5          13  0.95079710499513914     
           5          14  0.95469370824885258     
           6          15  0.94996197012167582     
           6          16  0.97279721586323431     
           8          17  0.96724397651229199     
           8          18  0.98192193165225661     
           8          19  0.94765696503257946     
