           1           2   1.0200315892628076     
           2           3   1.0076197083238687     
           3           4  0.97344977772963848     
           4           5   1.7642289966472622     
           4           6   1.1186920502012860     
           5           6  0.16939096266165041     
           6           7  0.95832967557542481     
           1           8  0.98756961015095823     
           1           9  0.98756960787057047     
           1          10  0.98684927286298318     
           2          11  0.97707897281195488     
           2          12  0.97707898396326542     
           3          13  0.95382940799901395     
           3          14  0.95382946002394819     
           7          15  0.98195034344523746     
           7          16  0.97752926762084269     
           7          17  0.97752926579167088     
