           1           2   1.0192835496527872     
           2           3   1.0077002037089540     
           3           4   1.0075501023818370     
           4           5   1.0067757961054131     
           5           6  0.97315392647917098     
           6           7   1.7588612585685075     
           6           8   1.1217877461181551     
           7           8  0.16891664593268679     
           8           9  0.94443179731107652     
           9          10  0.99867679326242964     
          10          11  0.99480009160184113     
          11          12   1.0063194760340790     
           1          13  0.98791196477867116     
           1          14  0.98734908025054358     
           1          15  0.98792100389499948     
           2          16  0.97842032325316186     
           2          17  0.97838116609219661     
           3          18  0.97715591108204791     
           3          19  0.97724982610550082     
           4          20  0.97580262919976257     
           4          21  0.97618047093208582     
           5          22  0.95472158746082825     
           5          23  0.95237198205054341     
           9          24  0.97162580927950626     
           9          25  0.96795131673087831     
          10          26  0.97561360407238074     
          10          27  0.97328607511053145     
          11          28  0.97242417632405087     
          11          29  0.96996653409167188     
          12          30  0.90029482878984912     
