           1           2   1.0201589210991615     
           2           3  0.98417113965314251     
           3           4  0.98103306780028188     
           4           5  0.98726985663815992     
           3           6  0.98040352398326269     
           6           7  0.99701384057297227     
           3           8  0.97181188848619338     
           8           9   1.0182711559926778     
           1          10  0.98641997419940197     
           1          11  0.98504518424308807     
           1          12  0.98483923144888919     
           2          13  0.97448194222918216     
           2          14  0.97305978554743044     
           4          15  0.97026272012262205     
           4          16  0.96947115396201855     
           5          17  0.89917404916519583     
           6          18  0.96874497866608467     
           6          19  0.96770290139070791     
           7          20  0.90071192981523174     
           8          21  0.96522556253926828     
           8          22  0.97057503938757717     
           9          23  0.86760603906152256     
