           1           2  0.99366277129610847     
           2           3   1.4051179184569329     
           3           4   1.4393721403436950     
           4           5   1.4074725945006292     
           5           6   1.0010689404650936     
           6           7  0.94806566704540107     
           6           8  0.94806620134562736     
           6           9  0.97297122002985792     
           3          10  0.10813173604497461     
           5          10   1.3852710337983978     
           2          11   1.3881505269295167     
           4          11  0.10428638089750553     
          10          11   1.4615140423965611     
           3          12  0.96507034677384784     
           4          13  0.96053060766474652     
          10          14  0.96437637801432485     
          11          15  0.96495245072144176     
