           1           2   1.0190993697464603     
           2           3   1.0077904260393173     
           3           4   1.0071975163706059     
           4           5   1.0071014938740539     
           5           6  0.99254560786505264     
           6           7   1.0001435288081642     
           6           8  0.98484096335465232     
           1           9  0.98758562672535510     
           1          10  0.98804655235602956     
           1          11  0.98799026229205578     
           2          12  0.97858893958485571     
           2          13  0.97862191320819547     
           3          14  0.97742917041557398     
           3          15  0.97744077626977333     
           4          16  0.97565345501614398     
           4          17  0.97738921156002645     
           5          18  0.97645188414253137     
           5          19  0.97504326851980583     
           6          20  0.96140775185907290     
           7          21  0.98610950065908121     
           7          22  0.98526281437884955     
           7          23  0.98586842937897234     
           8          24  0.90305980044515433     
