           1           2   1.0195722663510050     
           2           3  0.99395910680356447     
           3           4   1.0024699787686244     
           3           5  0.90555757910181478     
           5           6   1.1739713747637879     
           5           7  0.17471392232630367     
           6           7   1.7221801421417198     
           6           8  0.95656879961634633     
           8           9   1.0246200534336898     
           1          10  0.98703648074032213     
           1          11  0.98727986911635135     
           1          12  0.98645747565439312     
           2          13  0.97424663707932690     
           2          14  0.97486275053707716     
           3          15  0.95996227819818958     
           4          16  0.98386756452684132     
           4          17  0.98307054390740156     
           4          18  0.98528977742772283     
           8          19  0.94639675597385398     
           8          20  0.94657081108276908     
           9          21  0.86577993328924374     
