           1           2   1.9342148911015655     
           2           3   1.0079077856833751     
           3           4   1.7192866763109664     
           3           5   1.1308236208401723     
           4           5  0.17513462550555972     
           5           6  0.92176458978099940     
           6           7  0.98767924445786193     
           7           8   1.0065603327778576     
           8           9   1.0092318352302749     
           9          10   1.0091889859913952     
           6          11  0.99413031739315105     
          10          11   1.0065009224049135     
           1          12  0.97552008760986042     
           1          13  0.97009231754370884     
           2          14  0.96492015913229112     
           6          15  0.95899249127791553     
           7          16  0.97527536035562123     
           7          17  0.97578925192160404     
           8          18  0.97712475075272454     
           8          19  0.97667528283699268     
           9          20  0.97720913337911597     
           9          21  0.97707839697194943     
          10          22  0.97727004374540472     
          10          23  0.97696054995414872     
          11          24  0.97465342478504713     
          11          25  0.97605921785346261     
