           1           2  0.94965690005593495     
           2           3   1.1522571234421342     
           2           4  0.17248862228284950     
           3           4   1.7415424765996439     
           3           5  0.94305923910471223     
           5           6  0.97124854995760579     
           5           7   1.0128262836877160     
           1           8  0.97674171279350486     
           1           9  0.97711889767957549     
           1          10  0.98141201769034458     
           5          11  0.94939185673599968     
           6          12  0.98143314167105022     
           6          13  0.98641203869919969     
           6          14  0.98536446822688284     
           7          15  0.87321499186365825     
