           1           2   1.0093929124163299     
           2           3   1.7258368493779903     
           2           4   1.0918274441633702     
           4           5   1.3469047207569826     
           5           6   1.4943312614653321     
           6           7   1.3779454123671389     
           5           8  0.10732219517574328     
           7           8   1.4921156053476796     
           4           9   1.2842678587997409     
           8           9   1.3289586188583415     
           9          10   1.1667240999879207     
           1          11  0.96120262346325536     
           1          12  0.98275846369332831     
           1          13  0.96120272226909842     
           5          14  0.96572389479409126     
           6          15  0.97055025258007332     
           7          16  0.97020206990591129     
           8          17  0.96663659506767163     
          10          18  0.79201521399964891     
