           1           2  0.98959779256612479     
           2           3  0.99241027943536497     
           3           4   1.0086421188676071     
           4           5   1.0089234182661009     
           5           6   1.0078467209646274     
           2           7  0.95834042613531378     
           6           7  0.98960626368619442     
           7           8  0.99871849623889286     
           8           9   1.8712004903435921     
           9          10   1.0232915074989994     
          10          11   1.0069312944726279     
          11          12   1.0090978997607356     
           8          13   1.0104142387696440     
          12          13   1.0056980727372249     
           1          14  0.88808440640389030     
           2          15  0.95613009458971521     
           3          16  0.97455701416624008     
           3          17  0.97520128957691843     
           4          18  0.97744560475429720     
           4          19  0.97728007741266465     
           5          20  0.97683489695570058     
           5          21  0.97729820246430721     
           6          22  0.97504767936752268     
           6          23  0.97712002225494565     
           7          24  0.96230917465762589     
           9          25  0.96489930344263120     
          10          26  0.95962622372046380     
          10          27  0.96724983785446916     
          11          28  0.97841649877626380     
          11          29  0.97848978178610646     
          12          30  0.97817036281670644     
          12          31  0.97838478512137905     
          13          32  0.96475914750583913     
          13          33  0.95945732292990393     
