           1           2   1.0076556341995320     
           2           3   1.0108751241311316     
           2           4  0.99516353093925636     
           4           5  0.96792710394550951     
           5           6  0.97444197618118933     
           5           7  0.95957400463289932     
           7           8  0.98155181874577901     
           8           9  0.99924783156531438     
           9          10  0.99921541341326914     
           5          11  0.96127402984357124     
          10          11  0.98137594309164411     
           1          12  0.98641083460823931     
           1          13  0.98712323368644506     
           1          14  0.98690249436858912     
           2          15  0.96557305832981632     
           3          16  0.98137850791450854     
           3          17  0.98707961268829669     
           3          18  0.98652405431896451     
           4          19  0.97375916458682599     
           4          20  0.97319060179744876     
           6          21  0.98558612377820398     
           6          22  0.97974600359370378     
           6          23  0.98558532485715089     
           8          24  0.97046838823879844     
           8          25  0.96525556344902441     
           9          26  0.97671761675738222     
           9          27  0.97653011364879316     
          10          28  0.96630238765731080     
          10          29  0.97056174528276706     
