           1           2   1.8779041146644873     
           2           3  0.98603772183107452     
           3           4  0.99000755901264414     
           4           5  0.99000759877022682     
           5           6  0.98603764832978658     
           6           7   1.8779041306546211     
           2           8  0.96762110141960089     
           6           8  0.96762113585631748     
           3           9  0.95469295472062632     
           3          10  0.97132304414127735     
           4          11  0.97144153476489770     
           4          12  0.97805390520718138     
           5          13  0.97132303936503872     
           5          14  0.95469295595106241     
           8          15  0.96989838820456376     
           8          16  0.92765452740683507     
