           1           2   1.0229029460548129     
           2           3   1.0211693068582703     
           2           4   1.8861896999768570     
           4           5   1.0209247005883855     
           5           6  0.98901815654698877     
           6           7  0.99501185565654482     
           7           8   1.0100815638531342     
           7           9  0.98694938405846122     
           9          10  0.98063193997624054     
          10          11   1.7679610258943703     
          10          12   1.1241487606652028     
          11          12  0.17091553115787844     
           1          13  0.97511488490848475     
           1          14  0.98074566486104453     
           1          15  0.97170758318959471     
           3          16  0.98541834796683581     
           3          17  0.97340859204469277     
           3          18  0.97427408286239059     
           4          19  0.96531991984428245     
           5          20  0.96824916986853105     
           5          21  0.97098470733855646     
           6          22  0.97680666076366662     
           6          23  0.97534115226258888     
           7          24  0.96471019750123232     
           8          25  0.98653810623482974     
           8          26  0.98591669808209403     
           8          27  0.98298776492635742     
           9          28  0.94111394135814852     
           9          29  0.96724031935402699     
          12          30  0.86765199763924528     
