           1           2   1.0190757006207589     
           2           3   1.0070638393083213     
           3           4   1.0060471247071137     
           4           5  0.98707456844572095     
           5           6  0.96932312547647437     
           6           7   1.7488604386520348     
           6           8   1.1375830834595706     
           7           8  0.17548669850270937     
           8           9  0.93876119959518811     
           9          10  0.99902145531180442     
          10          11   1.0207753512942384     
           1          12  0.98788251396897586     
           1          13  0.98729389204966311     
           1          14  0.98789765401227048     
           2          15  0.97847879683362360     
           2          16  0.97840502192448131     
           3          17  0.97720283576294098     
           3          18  0.97700451255533360     
           4          19  0.97578088067509838     
           4          20  0.97790719578703345     
           5          21  0.97603343301919421     
           5          22  0.95696564472741352     
           9          23  0.96997012931321547     
           9          24  0.96532139347800983     
          10          25  0.97474116191772242     
          10          26  0.97651723383923006     
          11          27  0.98690393172321977     
          11          28  0.98677532304124194     
          11          29  0.98665173637460390     
