           1           2   1.9304062723955415     
           2           3   1.0239648568016890     
           2           4  0.99767912254244928     
           4           5  0.97690779630355951     
           5           6   1.0211618294528244     
           6           7   1.8864392274119319     
           7           8   1.0226298462231880     
           7           9   1.0086210324747851     
           4          10  0.99330226542695010     
           9          10   1.0060593587746052     
           1          11  0.97536940617619494     
           1          12  0.97420302657952296     
           3          13  0.97244529913535849     
           3          14  0.98494153196940837     
           3          15  0.97146999344125484     
           4          16  0.96392449868973973     
           5          17  0.96766886495185211     
           5          18  0.95908602203699356     
           6          19  0.96481978408816382     
           8          20  0.97443713987401903     
           8          21  0.98523814708577473     
           8          22  0.97287133698130812     
           9          23  0.96818179476585997     
           9          24  0.96135685303538210     
          10          25  0.97560818589758591     
          10          26  0.97755655576899958     
