           1           2   1.0192945095450929     
           2           3  0.97019968440734849     
           3           4   1.7721768326318217     
           3           5   1.0984210933314471     
           4           5  0.16258345735161250     
           5           6  0.96794745013202421     
           6           7   1.3807586458291097     
           7           8   1.4483691530432308     
           8           9   1.4366376144187025     
           7          10  0.10748684949720444     
           9          10   1.4147130008930850     
          10          11   1.0275300274427108     
           6          12   1.4069825758054346     
           8          12  0.10754355108751759     
          10          12   1.4048523113064557     
           1          13  0.98683446395657159     
           1          14  0.98709922717122245     
           1          15  0.98554588281475974     
           2          16  0.95059211598110260     
           2          17  0.96129834163594019     
           7          18  0.96837902526329778     
           8          19  0.97018544361932357     
           9          20  0.96893862203239700     
          11          21  0.98367279693827547     
          11          22  0.97836048355927896     
          11          23  0.96565207858648905     
          12          24  0.96511995642180248     
