           1           2   1.0499470492278313     
           2           3   1.8660611773468845     
           3           4   1.0234136972601495     
           4           5   1.6569733910491300     
           4           6   1.1832093731273661     
           5           6  0.17277575331636325     
           6           7  0.97266390198007646     
           7           8   1.0098381483553225     
           6           9   1.0355598718510999     
           9          10   1.3790290378161736     
          10          11   1.4511597991849288     
           9          12  0.10299997055682988     
          11          12   1.4336333751910140     
          10          13  0.10816699738593806     
          12          13   1.4354143561409689     
           9          14   1.3874917098423456     
          11          14  0.10804685056616180     
          13          14   1.4490737142600767     
           1          15  0.96511873074961996     
           1          16  0.96409203574231550     
           1          17  0.98478241569688496     
           2          18  0.96151034963321846     
           3          19  0.96078463834400041     
           7          20  0.96820643945640938     
           7          21  0.96527488057278088     
           8          22  0.98695519374996543     
           8          23  0.98670754171636921     
           8          24  0.98459024513539672     
          10          25  0.96757669662382806     
          11          26  0.97044522702443226     
          12          27  0.97127313793539605     
          13          28  0.97068907175216235     
          14          29  0.96678083048675700     
