           1           2   1.0185546560860181     
           2           3   1.0056108230179868     
           3           4  0.94004280054330913     
           4           5   1.1224398756396912     
           4           6  0.17002492641898823     
           5           6   1.7206832160354930     
           5           7   1.0013764187652681     
           7           8   1.3890636655790352     
           8           9   1.4544814788196856     
           7          10  0.10351827784522374     
           9          10   1.4325688647416122     
           8          11  0.10819775424934369     
          10          11   1.4341399744003431     
           7          12   1.3887050622166142     
           9          12  0.10759232327471557     
          11          12   1.4532267458251598     
           1          13  0.98652004085884226     
           1          14  0.98731801582018552     
           1          15  0.98731801202840885     
           2          16  0.97660329024090609     
           2          17  0.97660328931180862     
           3          18  0.96752504598635025     
           3          19  0.96752504730260813     
           8          20  0.96691789374643666     
           9          21  0.97035944649777139     
          10          22  0.97091827242812800     
          11          23  0.97004174075011385     
          12          24  0.96568034488952159     
