           1           2   1.0037195800640866     
           2           3  0.99925271587074527     
           2           4  0.95216549640948300     
           4           5   1.0693159699045105     
           5           6   1.3761506981171334     
           6           7   1.4331275820431224     
           7           8   1.4198817428799519     
           8           9   1.0137812817010323     
           9          10  0.97754196188351328     
          10          11   1.0055069006521806     
           6          12  0.10226542750440373     
           8          12   1.3847368889756753     
           5          13   1.3388021558798844     
           7          13  0.10679930794469503     
          12          13   1.4806522248922631     
           1          14  0.98491107213622420     
           1          15  0.98548057559893487     
           1          16  0.98526927325033498     
           2          17  0.95914333384764505     
           3          18  0.98351030533856509     
           3          19  0.98547386478557564     
           3          20  0.98557699800681164     
           6          21  0.96432510862434118     
           7          22  0.96842946905025862     
           9          23  0.97340584124459117     
           9          24  0.97137874301228255     
          10          25  0.97237249205198684     
          10          26  0.96986205283803795     
          11          27  0.89416178474104790     
          12          28  0.96883605371492054     
          13          29  0.96834318816736364     
