   -0.10555818
   -0.05493183
   -0.06647473
    0.07897327
   -0.25362540
    0.35668851
   -0.40580661
   -0.04213000
   -0.04259145
    0.35874605
   -0.40419434
   -0.25829688
    0.07416997
   -0.06486785
   -0.05801415
   -0.10803377
    0.03910329
    0.03784948
    0.03609254
    0.04463144
    0.03430989
    0.04612362
    0.05517183
    0.05101760
    0.05426503
    0.09390131
    0.09412896
    0.06050008
    0.05794584
    0.04651471
    0.05040248
    0.04143764
    0.03852404
    0.04011105
    0.03957187
    0.03434469
