           1           2   1.0197313392165372     
           2           3   1.0076227487865013     
           3           4   1.0062511579002471     
           4           5  0.93575605804654760     
           5           6   1.1396584576897089     
           5           7  0.18171518494921574     
           6           7   1.7228090394163298     
           6           8   1.0062440625046911     
           8           9   1.8493989980235948     
           9          10   1.0056812124728607     
          10          11   1.7234753907619003     
          10          12   1.1379737004582606     
          11          12  0.18093930235841821     
          12          13  0.93650678743678972     
          13          14  0.99617912975701794     
          14          15   1.0058726268666061     
          15          16   1.0202080772827962     
           1          17  0.98704327175659234     
           1          18  0.98766567920694215     
           1          19  0.98766034892094146     
           2          20  0.97730616794263203     
           2          21  0.97808123290934290     
           3          22  0.97374995773167994     
           3          23  0.97421191896694748     
           4          24  0.96638240835490530     
           4          25  0.96593188927237228     
           8          26  0.95770382010985589     
           9          27  0.95772540337104828     
          13          28  0.96949660340124566     
          13          29  0.96734919642223793     
          14          30  0.97620034370680908     
          14          31  0.97495984099532973     
          15          32  0.97714888129489896     
          15          33  0.97756703105084730     
          16          34  0.98684028767965803     
          16          35  0.98722494601146726     
          16          36  0.98678159803915044     
