           1           2   1.8500497162289355     
           2           3  0.98709086253462552     
           3           4  0.98089814933714881     
           4           5   1.0103795041183747     
           5           6   1.0036265017729737     
           6           7   1.0092309693503649     
           7           8   1.0079663315975356     
           2           9  0.99020079196954736     
           8           9  0.99846456349516000     
           3          10  0.97196178010647194     
           3          11  0.96028671015230571     
           4          12  0.97561947199318944     
           4          13  0.97646827244418355     
           5          14  0.97474373544325188     
           5          15  0.97830796052613211     
           6          16  0.97786864629200942     
           6          17  0.96732395573767094     
           7          18  0.97651731719567247     
           7          19  0.97714358299705162     
           8          20  0.97589483251330844     
           8          21  0.96950721723665811     
           9          22  0.94267824175520021     
           9          23  0.97067063200399217     
