           1           2  0.99876523524541638     
           2           3  0.99299752165565436     
           3           4  0.99507265787822152     
           4           5   1.0094780397931897     
           5           6   1.0095212258313724     
           6           7  0.99295729045547154     
           2           8   1.2446277591806245     
           7           8  0.96921057230170293     
           2           9  0.19381078923848494     
           8           9   1.6683665670890699     
           1          10  0.97215952491297497     
           1          11  0.97782349178692074     
           1          12  0.97763369429539204     
           3          13  0.97373214651464857     
           3          14  0.96379241253527481     
           4          15  0.97584296750835875     
           4          16  0.97600997050310834     
           5          17  0.97604734927071313     
           5          18  0.97631073471796348     
           6          19  0.97602147564526875     
           6          20  0.97715174607093336     
           7          21  0.97520587111281509     
           7          22  0.96200134081471345     
