           1           2   1.0198509486452751     
           2           3  0.93524140856807780     
           3           4   1.1385987275031295     
           3           5  0.18142943801600916     
           4           5   1.7237341836919089     
           4           6   1.0065474610244245     
           6           7   1.8486706512904685     
           7           8   1.0065476192264597     
           8           9   1.7237338297457812     
           8          10   1.1385986957832723     
           9          10  0.18142916880762877     
          10          11  0.93524116171618987     
          11          12   1.0198511317168240     
           1          13  0.98493738266603215     
           1          14  0.98326821837802003     
           1          15  0.98493632163417266     
           2          16  0.96731192078250117     
           2          17  0.96731221919809673     
           6          18  0.95754964251054986     
           7          19  0.95754995980495017     
          11          20  0.96731182540374716     
          11          21  0.96731233897727931     
          12          22  0.98493684677336102     
          12          23  0.98326811702520800     
          12          24  0.98493687355509885     
