           1           2  0.97719772586682452     
           2           3  0.98355533058950562     
           3           4  0.98679534497212329     
           4           5  0.96961909927671264     
           5           6  0.99744636642292805     
           6           7  0.96961910716632971     
           3           8  0.94425806189066419     
           7           8  0.98679531478214422     
           8           9  0.98355536303483992     
           9          10  0.97719772481222611     
           1          11  0.97804363071710854     
           1          12  0.98018572791360792     
           1          13  0.97952706004568757     
           3          14  0.94600051691499221     
           5          15  0.97072446913170396     
           5          16  0.96861506105888706     
           6          17  0.97072446399706791     
           6          18  0.96861506655454965     
           8          19  0.94600049755078641     
          10          20  0.97804362458811445     
          10          21  0.97952706412969226     
          10          22  0.98018573154056543     
