           1           2   1.0084858653247728     
           2           3  0.99787550419757631     
           3           4   1.0086326841053561     
           4           5   1.0056760051510525     
           5           6  0.98934806192008395     
           6           7  0.90492436552643141     
           7           8   1.1698616076838049     
           7           9  0.18252306829442855     
           8           9   1.7556680438614056     
           8          10  0.92118725893212439     
          10          11   1.0441413504530164     
          11          12   2.8484359073283478     
           2          13  0.99369220799047897     
           6          13  0.99332333966681730     
           1          14  0.98602277455558496     
           1          15  0.98650385341612068     
           1          16  0.98596109089732409     
           2          17  0.96782679219908530     
           3          18  0.97587601453366313     
           3          19  0.97597245884765782     
           4          20  0.97710754705353353     
           4          21  0.97619112541928321     
           5          22  0.97565286891293934     
           5          23  0.97534574197621404     
           6          24  0.96029266393154722     
          10          25  0.93360981706398760     
          10          26  0.94207567737760389     
          13          27  0.97307861845614230     
          13          28  0.97459955909262508     
