           1           2   1.0088779310986449     
           2           3   1.8907900011873207     
           2           4  0.95608282838438241     
           4           5  0.96315439906640521     
           5           6   1.1109984919129081     
           6           7  0.99334830382231987     
           5           8  0.16589295035399826     
           6           8   1.7590250440948558     
           1           9  0.94645676679397572     
           1          10  0.97842881573195928     
           1          11  0.97168923636382365     
           4          12  0.94868548037992562     
           4          13  0.95703952961569894     
           7          14  0.97819556581831080     
           7          15  0.95156004669368177     
           7          16  0.97514503453419898     
