   -0.10808355
   -0.00784290
   -0.10823390
   -0.08213445
    0.11168039
   -0.45440137
   -0.03978011
    0.08314433
   -0.45453963
   -0.01196586
   -0.10696215
   -0.11164812
    0.03837564
    0.03714285
    0.03338699
    0.01838697
    0.03411484
    0.03744160
    0.03849250
    0.04518497
    0.03824812
    0.01694367
    0.28804505
    0.02884716
    0.01269297
    0.04079618
    0.31440478
    0.04797588
    0.03312308
    0.03767760
    0.02726156
    0.03435047
    0.03058007
    0.05729438
