           1           2   1.0102218644513126     
           2           3   1.0082365810257434     
           2           4  0.99473894022767895     
           4           5  0.98886139371124826     
           5           6  0.97659215302616365     
           5           7  0.97965717130769192     
           7           8  0.98570440885161315     
           8           9   1.0120661522863779     
           7          10  0.98145721726926538     
          10          11   1.0091529988394914     
          10          12   1.0088466505044134     
           1          13  0.98610474308125995     
           1          14  0.98622555890851793     
           1          15  0.98265638930138688     
           2          16  0.96462796626577441     
           3          17  0.98644859126175799     
           3          18  0.98618083333854145     
           3          19  0.98685479164548440     
           4          20  0.97078627679245300     
           4          21  0.97389303678444306     
           5          22  0.95192166199533357     
           6          23  0.89282695649449972     
           7          24  0.96515401834115522     
           8          25  0.96321907374051485     
           8          26  0.97107858319692109     
           9          27  0.86658192844353199     
          10          28  0.96689750879697234     
          11          29  0.98638279954637920     
          11          30  0.98561495812467559     
          11          31  0.98150739123023500     
          12          32  0.98536794037917108     
          12          33  0.98694688048128087     
          12          34  0.98262325986227195     
