           1           2  0.99939023787370385     
           2           3   1.0039304929242563     
           2           4  0.95115722905281264     
           4           5   1.0723841900127300     
           5           6   1.3449722460081008     
           6           7   1.4713628618797763     
           7           8   1.3975359017652336     
           8           9  0.99704362750557574     
           9          10  0.98788191784588231     
           6          11  0.10818808133017600     
           8          11   1.4169013533880410     
           5          12   1.3681239248821986     
           7          12  0.10057589278027196     
          11          12   1.4459559765579928     
           1          13  0.98318471720382838     
           1          14  0.98543676623250387     
           1          15  0.98559138178596217     
           2          16  0.95906057236786801     
           3          17  0.98543894717362901     
           3          18  0.98523547668604106     
           3          19  0.98488591976849160     
           6          20  0.96828180649473394     
           7          21  0.96818551361048133     
           9          22  0.96726675644204607     
           9          23  0.96914628985054097     
          10          24  0.90497249402017532     
          11          25  0.96904099361508200     
          12          26  0.96399421597615242     
