           1           2   2.8523914802720398     
           2           3   1.0534195588420701     
           3           4  0.98120117201084867     
           4           5  0.98120109826847968     
           5           6   1.0534229400753270     
           6           7   2.8523935426886262     
           3           8  0.94475091243529707     
           3           9  0.94298535908350289     
           4          10  0.97643368508046990     
           4          11  0.97643433087101139     
           5          12  0.94475288875106800     
           5          13  0.94298027091971670     
