           1           2   1.0176711281391559     
           2           3   1.8802977079892169     
           2           4  0.94466332844648448     
           4           5  0.95673624330704476     
           5           6   1.7350967366614214     
           5           7   1.1437096703530729     
           6           7  0.17006177679772622     
           7           8  0.94868658211477874     
           8           9   1.0091291004552947     
           9          10  0.96088288591598203     
           1          11  0.98006274694356499     
           1          12  0.95193179213578261     
           1          13  0.95324802256216667     
           4          14  0.94635899013206171     
           4          15  0.96973767937398403     
           8          16  0.96734750302251526     
           8          17  0.95969147833157575     
           9          18  0.97499276945541535     
           9          19  0.97382315633718741     
