           1           2   1.0006279947294319     
           2           3  0.98070898623740121     
           3           4   1.0192456973911619     
           4           5   1.8529362089954311     
           5           6   1.0944784313225413     
           6           7   1.3714948141108703     
           7           8   1.4622287015108208     
           6           9  0.10122284144651802     
           8           9   1.4275904155857799     
           7          10  0.10625700088234090     
           9          10   1.4331487150340232     
           6          11   1.3755563928482835     
           8          11  0.10475964442412482     
          10          11   1.4560005229565303     
           1          12  0.97665814723546029     
           1          13  0.97635381977743896     
           1          14  0.97983035760124926     
           3          15  0.94652773919839561     
           3          16  0.96113910725833640     
           4          17  0.95876479619685984     
           5          18  0.96174371108791035     
           7          19  0.96624699215989418     
           8          20  0.97097638469039338     
           9          21  0.97169569448851534     
          10          22  0.97102424307445234     
          11          23  0.96893547244053624     
