           1           2   1.0189029121431694     
           2           3   1.0073151600947989     
           3           4  0.98678220677684902     
           4           5  0.98742708747242069     
           4           6  0.96468017660888883     
           6           7  0.99185936605942315     
           7           8   1.9260682967403457     
           6           9  0.96613839777384303     
           9          10   1.0176155976049790     
           1          11  0.98769915953403253     
           1          12  0.98696092569543681     
           1          13  0.98774590472013857     
           2          14  0.97786535720980206     
           2          15  0.97618817596867657     
           3          16  0.97348914792260821     
           3          17  0.97330870997662555     
           4          18  0.95682288861000386     
           5          19  0.89789972233339110     
           6          20  0.96121803178631271     
           7          21  0.93111275772010160     
           9          22  0.97635710691947264     
           9          23  0.97385338600642724     
          10          24  0.98480820947752812     
          10          25  0.98559763131940625     
          10          26  0.98696601436527298     
