           1           2   1.0191692083419266     
           2           3   1.0077019937304721     
           3           4   1.0083989250761105     
           4           5   1.0067712113514138     
           5           6  0.98406069441999067     
           6           7   1.0046356015264197     
           6           8  0.96475895606121631     
           8           9   1.0038698376399731     
           8          10  0.98201096945567357     
           1          11  0.98800252964671542     
           1          12  0.98805351731517910     
           1          13  0.98759564519596554     
           2          14  0.97853736497776833     
           2          15  0.97857854944946143     
           3          16  0.97724700692668809     
           3          17  0.97544831078086958     
           4          18  0.97693438455562576     
           4          19  0.97478241414671485     
           5          20  0.97396239318654898     
           5          21  0.97555440111684166     
           6          22  0.96097584912537359     
           7          23  0.88600087414086948     
           8          24  0.96192609989484024     
           9          25  0.98330719838534875     
           9          26  0.98509238801389587     
           9          27  0.98413745004415520     
          10          28  0.89889347103598183     
