           1           2   1.0262685228489667     
           2           3   1.4045822900728557     
           3           4   1.4416693540449987     
           4           5   1.4151202564253520     
           5           6   1.0390750828717399     
           5           7   1.3381360041200945     
           2           8   1.3939448415797024     
           7           8   1.3550566501065293     
           8           9   1.0166181347762926     
           9          10   1.0078948790479501     
          10          11  0.99855928859245302     
           7          12   1.0488667435105101     
          11          12  0.98253467225936164     
          12          13   1.8044502304971228     
           1          14  0.98446797087163418     
           1          15  0.97366704974964047     
           1          16  0.96777075239923949     
           3          17  0.96782531820094908     
           4          18  0.96719357721975718     
           6          19  0.96094794176901899     
           6          20  0.98375040937100777     
           6          21  0.96295271692900108     
           9          22  0.96317125110002666     
           9          23  0.95368172986403610     
          10          24  0.97572898100514716     
          10          25  0.97781512682123428     
          11          26  0.95203983800626646     
          11          27  0.97357259557942044     
