           1           2   1.7733821157091476     
           2           3  0.95596437644552856     
           3           4  0.97564095769668835     
           1           5  0.18137379266310213     
           2           5   1.1479271056675087     
           5           6  0.90477974012399220     
           6           7  0.98958184221565548     
           7           8   1.0057296088030228     
           8           9   1.0093530886608715     
           9          10   1.0092966417103266     
           6          11  0.99461074132242011     
          10          11   1.0055679509994986     
           3          12  0.95936019766819269     
           3          13  0.96057981337297538     
           6          14  0.95987708316652864     
           7          15  0.97511922768544079     
           7          16  0.97542561475428069     
           8          17  0.97640476734144566     
           8          18  0.97696511846660394     
           9          19  0.97706093164580898     
           9          20  0.97676277370631259     
          10          21  0.97665336501526578     
          10          22  0.97710088928979422     
          11          23  0.97578289524219919     
          11          24  0.97428559918389179     
