           1           2   1.0193192415955505     
           2           3   1.0066265521700439     
           3           4  0.99658120268473438     
           4           5  0.94621218968514154     
           5           6   1.1140846917095746     
           5           7  0.15239455807124080     
           6           7   1.6501285875009415     
           6           8   1.0577916577133910     
           8           9   1.3626965996495493     
           9          10   1.4843222742489257     
          10          11   1.3750623317661392     
           9          12  0.10549254737763990     
          11          12   1.5029304450001970     
           8          13   1.2696301932803846     
          12          13   1.3024135266528105     
          13          14   1.2569018614409324     
           1          15  0.98707007288745074     
           1          16  0.98776549875152952     
           1          17  0.98768514488356696     
           2          18  0.97824089260091873     
           2          19  0.97830474198263029     
           3          20  0.97649451865890402     
           3          21  0.97542423802826328     
           4          22  0.97141434368752555     
           4          23  0.96737179092989944     
           9          24  0.96622753215611779     
          10          25  0.97116195039029685     
          11          26  0.97093388047338980     
          12          27  0.96763728533521154     
          14          28  0.95142247336849362     
          14          29  0.90759210688408054     
