           1           2   1.0195857095722036     
           2           3   1.0055268501594878     
           3           4   1.0057179933417590     
           4           5  0.92523236365569339     
           5           6   1.1622495923715555     
           5           7  0.17300324499197808     
           6           7   1.7298842448633835     
           6           8  0.95917283432089984     
           8           9   1.0249660212185590     
           1          10  0.98753187303008705     
           1          11  0.98752521073625288     
           1          12  0.98671357067604126     
           2          13  0.97801690130001573     
           2          14  0.97800993816382931     
           3          15  0.97496281060599588     
           3          16  0.97492738241539056     
           4          17  0.96838364057586535     
           4          18  0.96835763416948328     
           8          19  0.94548042285006417     
           8          20  0.94548999063120487     
           9          21  0.86621249057736405     
