   -0.10516987
   -0.05694966
   -0.00125646
   -0.10951992
   -0.00788176
   -0.05882682
   -0.10660681
    0.26394322
   -0.45746628
   -0.09196911
   -0.04509315
   -0.09543261
    0.35762535
   -0.42605161
   -0.27251677
    0.08610977
   -0.11582280
    0.03936305
    0.04123123
    0.03406845
    0.03022294
    0.04556579
    0.07202037
    0.03793176
    0.05266940
    0.04944490
    0.03781364
    0.03634400
    0.03937374
    0.04197469
    0.03789962
    0.07571866
    0.04790506
    0.03895664
    0.05348801
    0.06427796
    0.10145257
    0.04929367
    0.04777456
    0.05122128
    0.05845896
    0.05841437
