           1           2   1.0186673483583317     
           2           3  0.99588261298440250     
           3           4  0.98270935379449831     
           4           5  0.99423989725103501     
           5           6  0.99236033120160683     
           6           7   1.0189156199686622     
           4           8   1.2442381555755537     
           4           9  0.18812889588781448     
           8           9   1.6560415252008518     
           8          10  0.97354557535433917     
          10          11   1.0083269831287647     
          11          12   1.0059121780103346     
          12          13  0.98289572734913300     
          13          14   1.7357026476397048     
          13          15   1.1300533872670591     
          14          15  0.16753607260927311     
          15          16  0.93869575146054374     
          16          17   1.0195367147569281     
           1          18  0.98677863876082372     
           1          19  0.98741177570076299     
           1          20  0.98770189682753817     
           2          21  0.97670907768522386     
           2          22  0.97767137745449206     
           3          23  0.96536043211194156     
           3          24  0.97092038999704777     
           5          25  0.96494163098796903     
           5          26  0.96916514234897599     
           6          27  0.97658937230442289     
           6          28  0.97556036786843126     
           7          29  0.98733378616792122     
           7          30  0.98646945644592277     
           7          31  0.98746041667961815     
          10          32  0.94629615906286080     
          10          33  0.95951721664957090     
          11          34  0.97778606669158052     
          11          35  0.97547136531710166     
          12          36  0.96127795813585049     
          12          37  0.93232701316402244     
          16          38  0.96942368498894549     
          16          39  0.96926405876955335     
          17          40  0.98389217956008668     
          17          41  0.98526321293097607     
          17          42  0.98537291290940487     
