           1           2  0.99355318617484778     
           2           3  0.97680334342657027     
           3           4   1.0012774451419859     
           4           5  0.99774279687808565     
           5           6  0.99774281588432168     
           2           7  0.97680333212222492     
           6           7   1.0012774234828103     
           5           8  0.97112275490162747     
           8           9  0.98874771810046735     
           8          10  0.98874765405083709     
           2          11  0.96533109258444549     
           8          11  0.95705318547100093     
           1          12  0.98430805607080063     
           1          13  0.98591771119768135     
           1          14  0.98430805236287822     
           3          15  0.97884209621529372     
           3          16  0.97979178191503813     
           4          17  0.97843591096174898     
           4          18  0.97710338714690492     
           5          19  0.96851197669495592     
           6          20  0.97710340452493871     
           6          21  0.97843592430923865     
           7          22  0.97979179083948476     
           7          23  0.97884211185869163     
           9          24  0.98238898437459743     
           9          25  0.98635842115139960     
           9          26  0.98433090752173458     
          10          27  0.98238902924905924     
          10          28  0.98635842542885910     
          10          29  0.98433092571093006     
