           1           2   1.0202193855646984     
           2           3   1.0025314561754524     
           3           4  0.97923369705936381     
           4           5  0.98935271147017934     
           5           6   1.0028821918302213     
           6           7  0.97552594052612474     
           7           8   1.7586441050354089     
           7           9   1.1290889680555265     
           8           9  0.17196228789750548     
           9          10  0.95545273350989335     
           1          11  0.98647655668045453     
           1          12  0.98778169868403209     
           1          13  0.98740510960283279     
           2          14  0.97715416017352563     
           2          15  0.97646581376138797     
           3          16  0.96765576933053932     
           3          17  0.96687555449697926     
           5          18  0.96607052234893820     
           5          19  0.96601941038630179     
           6          20  0.95112221859529411     
           6          21  0.95161050412347870     
          10          22  0.98156622724198339     
          10          23  0.97726040034569317     
          10          24  0.97726337325039636     
