           1           2  0.99098739301241612     
           2           3   1.0481635551836475     
           3           4   1.4005870282955355     
           4           5   1.3953059459160102     
           5           6  0.99785061509185979     
           6           7  0.99800003581452390     
           6           8  0.99799990028816343     
           5           9   1.4279163972596505     
           9          10   1.4173910686940272     
           3          11   1.3141718059182841     
           5          11  0.10408220068362478     
          10          11   1.4459566183003247     
          11          12   1.0275780321263792     
           1          13  0.97630770002675682     
           1          14  0.97630771425409302     
           1          15  0.97978915289241375     
           4          16  0.96108373352079823     
           6          17  0.96798870473638987     
           7          18  0.98762309068802190     
           7          19  0.98596002768933211     
           7          20  0.98541741379982017     
           8          21  0.98541746578271705     
           8          22  0.98762309290597905     
           8          23  0.98596000076187373     
           9          24  0.96864462351274816     
          10          25  0.96837808114522561     
          12          26  0.97116957436657048     
          12          27  0.97116974604461870     
          12          28  0.98607620541712393     
