   -0.10699595
   -0.01387351
   -0.07316662
    0.08071757
   -0.44344673
   -0.06437279
   -0.05948614
   -0.07358112
    0.14775721
   -0.12129995
   -0.11388206
   -0.45213119
    0.03591279
    0.02976062
    0.03576324
    0.03700199
    0.03894134
    0.02848678
    0.04931769
    0.01308311
    0.28482077
    0.03636471
    0.03032689
    0.04303495
    0.03643807
    0.02577460
    0.03012411
    0.03786392
    0.04667418
    0.03113928
    0.05368845
    0.03728770
    0.04899047
    0.28296563
