           1           2   1.0083251330427385     
           2           3  0.99683994517587915     
           3           4  0.99825446675932472     
           4           5  0.99899508699402229     
           2           6  0.99506289990160879     
           6           7   1.0077600018657229     
           7           8   1.0068546382454451     
           8           9  0.97413997688763110     
           9          10  0.98877783942179054     
           9          11  0.99565972665056346     
           9          12  0.97528710776794791     
           1          13  0.98484857855229935     
           1          14  0.98686920796391886     
           1          15  0.98620626494269215     
           2          16  0.96695183821400355     
           3          17  0.97232122362311380     
           3          18  0.97467283465512744     
           4          19  0.96976056382459097     
           4          20  0.96979885837328872     
           5          21  0.90341132771968735     
           6          22  0.97362912284342462     
           6          23  0.97581692281796983     
           7          24  0.97226183319905246     
           7          25  0.97418508208155963     
           8          26  0.97401740270655124     
           8          27  0.97683589152588191     
          10          28  0.98605319366630506     
          10          29  0.98503997029504231     
          10          30  0.98503526903443261     
          11          31  0.98262916996204164     
          11          32  0.98652537931118767     
          11          33  0.98458365023819172     
          12          34  0.90142335999326750     
