           1           2   1.0201436273986002     
           2           3  0.92564167252115492     
           3           4   1.1542098207422911     
           3           5  0.17888312964740011     
           4           5   1.7647470777258061     
           4           6  0.91182046054622723     
           6           7  0.98015367495317662     
           6           8   1.0240197957525166     
           8           9   2.8506972148491663     
           1          10  0.98243498500228399     
           1          11  0.98480779296354037     
           1          12  0.98465934689655787     
           2          13  0.96881662414510983     
           2          14  0.96928199795098291     
           6          15  0.93000091544233032     
           7          16  0.98517843962345464     
           7          17  0.98364179060035417     
           7          18  0.98367791647814151     
