           1           2  0.98563399569936072     
           2           3   1.7674085062408347     
           2           4   1.1046356515378588     
           3           4  0.16373313602261852     
           4           5  0.96872633489413174     
           5           6   1.3791448288969477     
           6           7   1.4497732423008065     
           7           8   1.4351114537807956     
           6           9  0.10748010517777101     
           8           9   1.4160711113731814     
           9          10   1.0275826021236429     
           5          11   1.4082708620361879     
           7          11  0.10771437601501159     
           9          11   1.4033627811215517     
           1          12  0.98169798476619818     
           1          13  0.97131453787882838     
           1          14  0.95841982621240729     
           6          15  0.96834155277856870     
           7          16  0.97018864045816355     
           8          17  0.96882340025730473     
          10          18  0.96634648043544802     
          10          19  0.98446654632427555     
          10          20  0.97674798584165301     
          11          21  0.96492264191129251     
