           1           2   1.0089319416442415     
           2           3   1.8409199418438467     
           2           4  0.99805085396984472     
           4           5  0.95695886978925193     
           5           6  0.98666427752398556     
           5           7  0.99316282534145728     
           5           8  0.99755806389413215     
           1           9  0.98230321915674756     
           1          10  0.95529124715112557     
           1          11  0.96533167704426415     
           4          12  0.97141107362569679     
           4          13  0.93726231818204231     
           6          14  0.98421578585063152     
           6          15  0.98478635705482864     
           6          16  0.98657866048992471     
           7          17  0.98493045597469941     
           7          18  0.98677371903364386     
           7          19  0.98310009242589091     
           8          20  0.86479318574815922     
