           1           2   1.0229437308240195     
           2           3   1.4220377757448186     
           3           4   1.4079194156817560     
           4           5   1.0228074088523704     
           2           6  0.10616504983026306     
           4           6   1.4223664104076736     
           3           7  0.10565162089940200     
           6           7   1.4072687205927807     
           7           8  0.98285475744099771     
           8           9  0.98785274033946080     
           8          10  0.98766318208773429     
           8          11  0.99987265181986951     
           2          12   1.4058146453440923     
           4          12  0.10362013290791479     
           7          12   1.4245422907990934     
           1          13  0.96916907611037062     
           1          14  0.98318069535384267     
           1          15  0.98200321963951875     
           3          16  0.96805888138236851     
           5          17  0.96923092186518289     
           5          18  0.98229826250868202     
           5          19  0.98300623910048901     
           6          20  0.96370304564750042     
           9          21  0.98694861644336895     
           9          22  0.98474266598607862     
           9          23  0.98356806746803316     
          10          24  0.98694660251464117     
          10          25  0.98367777987520699     
          10          26  0.98473308154803607     
          11          27  0.98456248972361737     
          11          28  0.98475725915377654     
          11          29  0.98482573474165358     
          12          30  0.96434581764126148     
