           1           2   1.0073013686736325     
           2           3   1.0009236957192620     
           2           4  0.90396413555323030     
           4           5   1.1924016654498653     
           4           6  0.20125860463362985     
           5           6   1.7522289842425767     
           5           7  0.87099875857907660     
           7           8   1.7522108930172131     
           7           9   1.1924127030752949     
           8           9  0.20125866752207786     
           9          10  0.90396311476045832     
          10          11   1.0072997918891742     
          10          12   1.0009250313274927     
           1          13  0.98276355402063909     
           1          14  0.98340695372086862     
           1          15  0.98435176583528849     
           2          16  0.96043870063325376     
           3          17  0.98268887351691214     
           3          18  0.98473908724498493     
           3          19  0.98413372217750772     
          10          20  0.96043559314859617     
          11          21  0.98435131453875868     
          11          22  0.98276071254654995     
          11          23  0.98340676350496881     
          12          24  0.98269241664577733     
          12          25  0.98413375294671357     
          12          26  0.98473896132095051     
