           1           2   1.4412538412316653     
           2           3   1.4412538464073599     
           1           4  0.11370405031389703     
           3           4   1.4412538478162285     
           2           5  0.11370405026988427     
           4           5   1.4412538457939119     
           1           6   1.4412538397187717     
           3           6  0.11370405009038255     
           5           6   1.4412538412503857     
           1           7  0.97158555518605616     
           2           8  0.97158555116570477     
           3           9  0.97158554729959745     
           4          10  0.97158554752138682     
           5          11  0.97158555152667814     
           6          12  0.97158555532402036     
