           1           2   1.0181801985633279     
           2           3  0.99812867703474317     
           3           4  0.96753242490604519     
           4           5   1.2037822083608585     
           4           6  0.17391413439615003     
           5           6   1.6931219216988767     
           5           7  0.96887112310795143     
           7           8   1.0113521467419242     
           4           9   1.0344639683616219     
           9          10   1.3860243033362081     
          10          11   1.4484361927381295     
           9          12  0.10310836831893783     
          11          12   1.4361684736655806     
          10          13  0.10809017991269262     
          12          13   1.4334451843918530     
           9          14   1.3807893418350694     
          11          14  0.10847200501022605     
          13          14   1.4512112417272465     
           1          15  0.98661247938277907     
           1          16  0.98736836846142639     
           1          17  0.98771930110478079     
           2          18  0.97556637001370095     
           2          19  0.97526616891677909     
           3          20  0.97418054002475674     
           3          21  0.96485438384849953     
           7          22  0.95694482260765634     
           7          23  0.97255054839627841     
           8          24  0.98440987100332500     
           8          25  0.98716261564699515     
           8          26  0.98895789301732884     
          10          27  0.96572325025620986     
          11          28  0.97062099333463081     
          12          29  0.97119304866479805     
          13          30  0.97040850257823386     
          14          31  0.96807790583900488     
