    0.04517640
   -0.33235606
    0.25309124
   -0.07787427
   -0.01810182
   -0.10701622
   -0.06363239
   -0.05959501
   -0.07387727
    0.14789355
   -0.11443594
   -0.12158087
   -0.45097849
   -0.30664709
    0.03995499
    0.02701482
    0.02973237
    0.06255634
   -0.00966087
    0.03970851
    0.05881482
    0.04433939
    0.04133450
    0.02925545
    0.03584298
    0.03103581
    0.03244164
    0.03765481
    0.04511643
    0.03082342
    0.02656307
    0.05435548
    0.03704888
    0.04959904
    0.03766787
    0.03131280
    0.04723772
    0.28355637
    0.06134634
    0.04760469
    0.02767653
