           1           2  0.99658963389302457     
           2           3  0.95301593090456538     
           3           4  0.97799406896232988     
           4           5  0.99339194865462266     
           5           6   1.0105669051418453     
           5           7  0.99504866122762070     
           7           8   1.0066002484618266     
           8           9   1.0072648636150474     
           9          10  0.97420395072420640     
          10          11  0.99551758851270167     
          10          12  0.98820891590331528     
          10          13  0.97651390463933763     
           3          14  0.99837453849680247     
          14          15  0.98380966635138112     
           1          16  0.97508071133015928     
           1          17  0.97609693113314333     
           1          18  0.97911535585225273     
           3          19  0.94062765468498422     
           4          20  0.97252586491443549     
           4          21  0.97139102185723392     
           5          22  0.96621127234008219     
           6          23  0.98383716993590820     
           6          24  0.98305913550354673     
           6          25  0.98619465183258015     
           7          26  0.97697703543885206     
           7          27  0.97462460189882227     
           8          28  0.97404776426795436     
           8          29  0.97439876328044639     
           9          30  0.97690553019106208     
           9          31  0.97364324498986099     
          11          32  0.98258079810844556     
          11          33  0.98658754273336191     
          11          34  0.98451269855213897     
          12          35  0.98612266274939886     
          12          36  0.98519067088049539     
          12          37  0.98502311912849350     
          13          38  0.90101532685095742     
          15          39  0.98083630166917124     
          15          40  0.97931403739471834     
          15          41  0.97753181345388984     
