           1           2  0.99353604101462256     
           2           3  0.99234836779653546     
           3           4  0.99555798288616881     
           4           5  0.94020624291602362     
           5           6   1.1597872733082100     
           5           7  0.17105249552380636     
           6           7   1.7263135690945228     
           6           8  0.96131001998609522     
           8           9   1.0249214152510395     
           1          10  0.97715696300266919     
           1          11  0.97701942900273275     
           1          12  0.97944585113796290     
           3          13  0.96319535686665891     
           3          14  0.96349398895828808     
           4          15  0.96748110880447802     
           4          16  0.96689109662842032     
           8          17  0.94351445416990098     
           8          18  0.94496492247376529     
           9          19  0.86683419645879489     
