           1           2   2.8212092353707399     
           2           3   1.0829992079244897     
           3           4  0.92612465700096624     
           3           5  0.92613882711723372     
           4           5   1.0012746428118338     
           3           6  0.95002753026274855     
           4           7  0.98020349459344525     
           4           8  0.97971199810426646     
           5           9  0.98020346855617135     
           5          10  0.97971638610200262     
