           1           2   1.0157065294313374     
           2           3  0.97247755834008942     
           3           4  0.99416761992662694     
           4           5  0.98975414260897054     
           5           6  0.94028297667227967     
           6           7   1.1504136069280200     
           6           8  0.17106548547286873     
           7           8   1.7392951419086500     
           7           9  0.94326057930168905     
           9          10  0.97132978389679780     
           9          11   1.0138094085482996     
           1          12  0.98501712777908867     
           1          13  0.98575665868316642     
           1          14  0.98553208764599876     
           2          15  0.96859295939130019     
           2          16  0.96909086644416331     
           4          17  0.96550477611228969     
           4          18  0.96551399035690588     
           5          19  0.96857640741803619     
           5          20  0.96712407089533137     
           9          21  0.94752278662244105     
          10          22  0.98529949653294224     
          10          23  0.98653845177299537     
          10          24  0.98130433122812977     
          11          25  0.87131193876025359     
