           1           2   1.0156546957616901     
           2           3  0.97534306778114177     
           3           4  0.99154363544517854     
           4           5  0.99379353377902391     
           5           6  0.97633254065288588     
           6           7   1.0514312098243721     
           7           8   1.3503582630984756     
           8           9   1.4699450107890546     
           9          10   1.4188224811529868     
           8          11  0.11063329014240349     
          10          11   1.4485131047049211     
           7          12   1.3795066373593246     
           9          12  0.10431649323925682     
          11          12   1.4352270016485793     
           1          13  0.98582324566383550     
           1          14  0.98533289930314072     
           1          15  0.98582340448615635     
           2          16  0.96862273339778082     
           2          17  0.96862257288698406     
           4          18  0.96606406531145494     
           4          19  0.96606420464690423     
           5          20  0.96633000286745407     
           5          21  0.96632984038285508     
           8          22  0.96850981560588745     
           9          23  0.97071377975164652     
          10          24  0.97145921869404828     
          11          25  0.97125303152292608     
          12          26  0.96657425087277027     
