           1           2   1.7146785201054535     
           1           3  0.17076069745677755     
           2           3   1.1697010644355297     
           3           4  0.91540557899053820     
           4           5  0.98600917042269953     
           5           6   1.0080647540455738     
           6           7   1.0078568495645590     
           4           8  0.98937588912581820     
           7           8   1.0047060308152362     
           2           9  0.93764924570861963     
           9          10   1.0050999022863700     
           9          11  0.95301095824840354     
          11          12   1.0066845712224410     
          12          13   1.0074215060546270     
           9          14  0.94894127419524155     
          13          14   1.0085327511646158     
           4          15  0.96471971396301426     
           5          16  0.97651074291972573     
           5          17  0.97670919777821252     
           6          18  0.97907773734524994     
           6          19  0.97886021814683588     
           7          20  0.97986865359140918     
           7          21  0.98057183292748107     
           8          22  0.97532315855229412     
           8          23  0.98063479659246633     
          10          24  0.86549348040962337     
          11          25  0.97684300593407447     
          11          26  0.97839303092385133     
          12          27  0.97923169808079968     
          12          28  0.97874471270525487     
          13          29  0.97762933960859888     
          13          30  0.97851612931085274     
          14          31  0.97913432096454167     
          14          32  0.97349467455366889     
