           1           2   1.0188674966673683     
           2           3  0.94271970883585554     
           3           4   1.1123569009447931     
           3           5  0.16816413654945553     
           4           5   1.7054787977786918     
           4           6   1.0357678819727862     
           6           7   1.7774192247792400     
           7           8   1.1154968394458071     
           8           9   1.3623916212590370     
           9          10   1.4654828260801371     
          10          11   1.4253730469688943     
           9          12  0.10476036866663085     
          11          12   1.4304985520814295     
           8          13   1.3648635024795823     
          10          13  0.10329064006295816     
          12          13   1.4600897603150707     
           1          14  0.98402913274286230     
           1          15  0.98535505136798673     
           1          16  0.98572073344155120     
           2          17  0.96793815168538511     
           2          18  0.96797691600532609     
           6          19  0.96148698186578085     
           7          20  0.95711087566916553     
           9          21  0.96619073501785824     
          10          22  0.97055495830441685     
          11          23  0.97130613551004719     
          12          24  0.97048085644819748     
          13          25  0.96826281623625277     
