           1           2   1.0201701549801445     
           2           3  0.96806038189674637     
           3           4   1.7585942827627825     
           3           5   1.1301005032820257     
           4           5  0.17180709645232117     
           5           6  0.92599376903580788     
           6           7   1.0033555254625228     
           7           8   1.4222089992196878     
           8           9   1.4409522512102582     
           9          10   1.3739482441406401     
          10          11   1.0676169570162577     
          11          12  0.98469950124956951     
           8          13  0.10774912246813188     
          10          13   1.3445345991891933     
           7          14   1.3921187953275789     
           9          14  0.10116042910304850     
          13          14   1.4773067168134288     
           1          15  0.98644519254848917     
           1          16  0.98635111254805308     
           1          17  0.98687277509016624     
           2          18  0.95658917798866661     
           2          19  0.95607034347144326     
           6          20  0.96610036977624059     
           6          21  0.96582330008787265     
           8          22  0.96893077452018539     
           9          23  0.96594008885389970     
          12          24  0.97956668368209987     
          12          25  0.97656383317481943     
          12          26  0.97658543079946414     
          13          27  0.96761710969679249     
          14          28  0.96822334370017937     
