           1           2   1.0191514325245259     
           2           3   1.0076241469747191     
           3           4   1.0071983979086865     
           4           5  0.98677377084900808     
           5           6  0.98350507168376000     
           5           7  0.98777291624445052     
           7           8  0.98190113704710291     
           8           9  0.99828878890897166     
           8          10   1.0009482090015989     
           1          11  0.98787988197443755     
           1          12  0.98741398193281293     
           1          13  0.98790614315598746     
           2          14  0.97862212760373180     
           2          15  0.97853498034090269     
           3          16  0.97544513434873437     
           3          17  0.97725673925806111     
           4          18  0.97580483855978495     
           4          19  0.97434118502732592     
           5          20  0.95959434343117433     
           6          21  0.89586530030711087     
           7          22  0.97528651117327469     
           7          23  0.97428285786191970     
           8          24  0.96424733231820403     
           9          25  0.98289563767703192     
           9          26  0.98640391084672729     
           9          27  0.98584758609614087     
          10          28  0.87047909468112328     
