           1           2   1.0191781372542952     
           2           3   1.0077433646791534     
           3           4   1.0069899360974410     
           4           5   1.0067263514000617     
           5           6   1.0053915864170428     
           6           7  0.99772135205759349     
           7           8  0.93984036413395522     
           8           9   1.1310401779123989     
           9          10  0.98528667852736229     
           8          11  0.17206507695693182     
           9          11   1.7569447021323032     
           1          12  0.98745070606650842     
           1          13  0.98793152734390699     
           1          14  0.98797250418540694     
           2          15  0.97852330931751497     
           2          16  0.97860967023227707     
           3          17  0.97731128359275843     
           3          18  0.97744833464217784     
           4          19  0.97716356938423343     
           4          20  0.97741830438163624     
           5          21  0.97728796722137568     
           5          22  0.97693213120211631     
           6          23  0.97502333695064047     
           6          24  0.97652443140165168     
           7          25  0.96845047876340262     
           7          26  0.97168889509871748     
          10          27  0.96388605293196616     
          10          28  0.96606240395853782     
          10          29  0.98345307319438890     
