           1           2   1.0042052226399809     
           2           3   1.0039700211238536     
           2           4  0.98804704487552986     
           4           5  0.99655220862329774     
           5           6  0.98313751707810215     
           6           7   1.8757934131833769     
           6           8  0.96411918325760293     
           8           9  0.99442101029442642     
           4          10  0.93958027806771560     
           8          10  0.99851426885092065     
           4          11  0.95878783181859639     
          10          11  0.96579577340536005     
           1          12  0.98629113900293852     
           1          13  0.98371565242703529     
           1          14  0.98665819222935325     
           2          15  0.96627995530589850     
           3          16  0.98680912291081380     
           3          17  0.98649045247913791     
           3          18  0.98642797569145935     
           5          19  0.95455538669522366     
           5          20  0.93935194909092423     
           8          21  0.93590133905206985     
           9          22  0.98653017680099286     
           9          23  0.98319762647415376     
           9          24  0.98567620898635666     
          10          25  0.97216829003353589     
          11          26  0.97955404982500383     
          11          27  0.97662647616001652     
