   -0.10672924
   -0.06032814
    0.07311100
   -0.24483512
    0.36591603
   -0.43775890
   -0.11009352
    0.13486957
   -0.43370308
   -0.09843049
    0.35959321
   -0.40484182
   -0.26094950
    0.07707896
   -0.06173170
   -0.11072993
    0.34728930
   -0.42630615
   -0.23147061
    0.07410784
   -0.06042752
   -0.10474926
    0.04127038
    0.04210203
    0.04618379
    0.04452178
    0.05245999
    0.06322604
    0.05712018
    0.10166306
    0.08745355
    0.32101292
    0.08356880
    0.08585869
    0.05896377
    0.05713830
    0.04909520
    0.05188454
    0.04291088
    0.04704995
    0.04281381
    0.05630995
    0.06255845
    0.04215299
    0.05671104
    0.04038745
    0.04805367
    0.03864786
