           1           2   1.0204216336005965     
           2           3  0.99879051417152476     
           3           4  0.93123057447621305     
           4           5   1.1737839524852203     
           4           6  0.17276879402640943     
           5           6   1.7082467959570373     
           5           7  0.97376593946475820     
           7           8  0.96729357780429137     
           8           9   1.0078221154072278     
           8          10  0.94483799446244843     
          10          11  0.96391676204438603     
          11          12   1.7484951119904024     
          11          13   1.1533959633510904     
          12          13  0.17859243682823786     
          13          14  0.92895062547395946     
          14          15   1.0053642408123158     
          15          16   1.0181522780487904     
           8          17  0.91248661502217798     
          17          18   1.7295838814238513     
          17          19   1.1820930872660347     
          18          19  0.18026903233243688     
          19          20  0.93090630761637505     
          20          21  0.99851554622591499     
          21          22   1.0204745871150207     
           1          23  0.98726260770992158     
           1          24  0.98672103669149691     
           1          25  0.98678609035023912     
           2          26  0.97464895834634269     
           2          27  0.97534773942498121     
           3          28  0.97028275522719076     
           3          29  0.96872189495841432     
           7          30  0.95315501951151049     
           7          31  0.94513107926430018     
           9          32  0.86498179376862261     
          10          33  0.96864732341507387     
          10          34  0.96080461366457592     
          14          35  0.96752228646037952     
          14          36  0.96578530076555547     
          15          37  0.97670523111429075     
          15          38  0.97441356923818945     
          16          39  0.98722958812733042     
          16          40  0.98641924089497302     
          16          41  0.98719155441557493     
          20          42  0.96864951655667064     
          20          43  0.97057429054416655     
          21          44  0.97489228015763896     
          21          45  0.97279459327691620     
          22          46  0.98714126978204331     
          22          47  0.98644029845702130     
          22          48  0.98631091985820440     
