   -0.10975796
    0.00685831
   -0.10669916
   -0.06031454
   -0.05283687
   -0.06121971
    0.00623404
   -0.11221462
   -0.07052412
    0.08840806
   -0.26323749
    0.34989456
   -0.44215678
   -0.01314612
   -0.06597269
    0.05927255
    0.00901795
   -0.03570477
   -0.03026408
   -0.03122064
   -0.02923209
   -0.03249802
   -0.21843483
    0.09410131
    0.07702621
   -0.11967322
   -0.12213172
   -0.12149395
    0.04265788
    0.04194124
    0.03634364
    0.03963939
    0.04140329
    0.04025186
    0.02429266
    0.03674534
    0.03369184
    0.03818576
    0.04392211
    0.04792844
    0.04507511
    0.04460969
    0.05138432
    0.05650157
    0.05018172
    0.04122492
    0.03133381
    0.02829704
    0.02835042
    0.02962424
    0.04898585
    0.04802865
    0.05808997
    0.05893854
    0.07024638
    0.05005152
    0.04072897
    0.04036149
    0.06882284
    0.05007992
