           1           2   1.0220148305978725     
           2           3   1.0240928089431740     
           2           4   1.8823307945301311     
           4           5   1.0224808071502525     
           5           6  0.96669995443674117     
           6           7   1.0147822174330323     
           7           8   1.0240373358164165     
           7           9   1.8752849960760900     
           9          10   1.0185087542595026     
          10          11  0.94183787973774269     
          11          12   1.1241036683607939     
          11          13  0.16369138393681085     
          12          13   1.6740113264205934     
          12          14   1.0392787845095743     
          14          15   1.4215519648843711     
          15          16   1.3554903437195731     
          16          17   1.0721707824658699     
          17          18   1.3828673400040021     
          18          19   1.4537542018589720     
          17          20  0.10271225850141824     
          19          20   1.4341924706871121     
          18          21  0.10591726894521447     
          20          21   1.4292227155021127     
          17          22   1.3759196718510083     
          19          22  0.10716713093709238     
          21          22   1.4601052789088955     
          14          23  0.13203525031823357     
          16          23   1.3983228345620611     
          14          24   1.2261410817868912     
          23          24   1.2675701916192743     
          24          25  0.94387142997716167     
          25          26  0.99665364763524056     
          25          27  0.98726678000314416     
          25          28  0.98775641629642374     
           1          29  0.97406108680243109     
           1          30  0.97267097403417913     
           1          31  0.98529094354583935     
           3          32  0.97878816839697536     
           3          33  0.96958293618051328     
           3          34  0.97714280851797297     
           4          35  0.96562797864607275     
           5          36  0.96752995063281499     
           5          37  0.97515400730324964     
           6          38  0.97546869321194607     
           6          39  0.96781602964651448     
           8          40  0.98515037539240391     
           8          41  0.96909600094537196     
           8          42  0.97232315850299966     
           9          43  0.96181472197367102     
          10          44  0.94977229589590806     
          10          45  0.95277457374158037     
          15          46  0.97028669033576498     
          18          47  0.96841089478512488     
          19          48  0.97123584758034065     
          20          49  0.97176308097930009     
          21          50  0.97093269223465761     
          22          51  0.96765036803748494     
          26          52  0.98319263769319099     
          26          53  0.98303714822361865     
          26          54  0.98287589493603500     
          27          55  0.97496660878791119     
          27          56  0.98271088004617280     
          27          57  0.98575551335797262     
          28          58  0.98579351652283553     
          28          59  0.97544953593127259     
          28          60  0.98276278585178012     
