           1           2  0.99428207315714634     
           2           3  0.98991225280465345     
           2           4  0.96737973209683681     
           4           5  0.98645853102820924     
           5           6  0.98748924863675225     
           6           7  0.98994689358905197     
           2           8  0.95425861147459523     
           7           8  0.98991967553562144     
           1           9  0.98354092763591661     
           1          10  0.98421983685079950     
           1          11  0.98543029563127327     
           3          12  0.98517948116831178     
           3          13  0.98266232392948205     
           3          14  0.98502897087165597     
           4          15  0.97080853693674374     
           4          16  0.96518683724487797     
           6          17  0.96645965625910157     
           6          18  0.97132745279337651     
           7          19  0.96640877915353141     
           7          20  0.96997916135901074     
