           1           2   1.0086089590368705     
           2           3   1.2364111612766360     
           3           4   1.5238948742542326     
           4           5   1.3579931502792995     
           2           6   1.1875863402262730     
           3           6  0.11651648121482144     
           5           6   1.4605365427628436     
           6           7   1.0773440003831938     
           7           8   1.3711850023896606     
           8           9   1.4632639565000713     
           7          10  0.10419668544325154     
           9          10   1.4127097834386191     
          10          11   1.4342214737006009     
           7          12   1.3609243226790884     
           9          12  0.10806943627877200     
          11          12   1.4518442708049901     
           1          13  0.97681164803896781     
           1          14  0.97207104144647016     
           1          15  0.97848705496961341     
           3          16  0.96977531186218846     
           4          17  0.97451458496499943     
           5          18  0.97426883115244178     
           8          19  0.96855452119935015     
           9          20  0.96997022619958595     
          10          21  0.96474025562385057     
          12          22  0.96174937000198557     
