           1           2  0.99060776475536771     
           2           3   1.0128227026933778     
           3           4   1.9259524596376159     
           4           5   1.0253971042235879     
           5           6  0.99632525192367716     
           6           7   1.0094697782796151     
           2           8  0.96483177738728909     
           6           8  0.96547395687205129     
           8           9   1.0130369507169235     
           9          10   1.8704661730468624     
          10          11   1.0235443686638188     
           1          12  0.98513284268373635     
           1          13  0.98480295028793685     
           1          14  0.98549758094024087     
           2          15  0.95736553280807202     
           3          16  0.96671298359292956     
           4          17  0.96703173767062789     
           5          18  0.95450147320099932     
           5          19  0.96566125645585654     
           6          20  0.96419927150373996     
           7          21  0.98526293163476886     
           7          22  0.98613049700412903     
           7          23  0.98593377794308612     
           8          24  0.96195771241408279     
           9          25  0.94722823515937371     
          11          26  0.89643184996571346     
