           1           2  0.99863875898936350     
           2           3  0.99863873248641644     
           2           4  0.99700283209145357     
           2           5  0.98058790060413703     
           5           6  0.93981286575289336     
           6           7   1.1398340518268353     
           6           8  0.17313579676485899     
           7           8   1.7549253130288620     
           7           9  0.93677827516679191     
           9          10   1.0003954741150041     
           9          11  0.98446879729748760     
           9          12  0.98446870580284185     
           1          13  0.98575273786075202     
           1          14  0.98430479908959523     
           1          15  0.98568503086119907     
           3          16  0.98430481948897619     
           3          17  0.98568502531522562     
           3          18  0.98575274349725639     
           4          19  0.98566573072468966     
           4          20  0.98566573598604856     
           4          21  0.98492585487721818     
           5          22  0.96684608558692708     
           5          23  0.96684618244567944     
          10          24  0.98485017485362769     
          10          25  0.98565098571658349     
          10          26  0.98485018454428319     
          11          27  0.98453549967856868     
          11          28  0.98344593708576800     
          11          29  0.98632069081898921     
          12          30  0.98344597146744794     
          12          31  0.98453550044076699     
          12          32  0.98632067075743013     
