           1           2   1.0000487458251244     
           2           3   1.8724531961725408     
           2           4  0.98648191001485508     
           4           5  0.98981803611535490     
           5           6   1.0314623772703790     
           6           7   1.8448404991542140     
           7           8   1.0955994648122833     
           8           9   1.3718107562174637     
           9          10   1.4615641092812104     
           8          11  0.10111479170843025     
          10          11   1.4281121495703999     
           9          12  0.10596604491993659     
          11          12   1.4322895360574752     
           8          13   1.3740982996070310     
          10          13  0.10477969399716365     
          12          13   1.4571399743891420     
           1          14  0.98147461758114651     
           1          15  0.95617953191714455     
           1          16  0.97219789651181499     
           4          17  0.96162291402007716     
           4          18  0.94568412610834218     
           5          19  0.97453684669368323     
           5          20  0.95536298608228076     
           6          21  0.96144376932137465     
           7          22  0.96179751053054918     
           9          23  0.96638232746847930     
          10          24  0.97115573413226131     
          11          25  0.97178662936912064     
          12          26  0.97108964614261439     
          13          27  0.96894378310364848     
