   -0.10964379
    0.00653022
   -0.10675250
   -0.05995374
   -0.05297160
   -0.06089411
    0.00549791
   -0.11212705
   -0.06998752
    0.08837574
   -0.26666631
    0.34952400
   -0.42827596
   -0.02461206
   -0.02545009
   -0.03359912
    0.01742454
    0.02577898
   -0.10946708
   -0.10663026
   -0.10660428
   -0.03728717
   -0.02241740
    0.04163842
    0.04223521
    0.03597526
    0.04145849
    0.04033184
    0.03950783
    0.02391864
    0.03403368
    0.03679171
    0.03764446
    0.04277395
    0.04526103
    0.04734213
    0.04481750
    0.04997188
    0.05054129
    0.05446080
    0.04924142
    0.03703383
    0.03783801
    0.03879720
    0.03784573
    0.04016031
    0.03566094
    0.03801997
    0.04013600
    0.03800526
    0.03569448
    0.04578035
    0.05729102
