           1           2   1.0215116804710493     
           2           3   1.0240882530988717     
           2           4   1.8822924135195838     
           4           5   1.0231893422732015     
           5           6  0.96689150789839362     
           6           7   1.0144081329777876     
           7           8   1.0240631024982418     
           7           9   1.8754683367656655     
           9          10   1.0195539637459021     
          10          11  0.94338101253934770     
          11          12   1.1225929875080785     
          11          13  0.16845090682258276     
          12          13   1.7125400631234207     
          12          14   1.0072648293498709     
          14          15   1.3767628313929838     
          15          16   1.4707542561984812     
          14          17  0.10043059614902348     
          16          17   1.3936263026472595     
          17          18  0.98665120226064162     
          18          19  0.99999797784453426     
          18          20  0.98549974696190079     
          18          21  0.98558856583691279     
          15          22  0.10234470892623281     
          17          22   1.4107784958012615     
          14          23   1.3889395042538026     
          16          23  0.10416508466755067     
          22          23   1.4532499806529910     
           1          24  0.97298309597326604     
           1          25  0.97412380984018321     
           1          26  0.98533177369796876     
           3          27  0.97031830817813947     
           3          28  0.97598936452614726     
           3          29  0.97886114912255784     
           4          30  0.96519413770602325     
           5          31  0.97310550215508829     
           5          32  0.96819935356668707     
           6          33  0.97542095018678099     
           6          34  0.96832949230555210     
           8          35  0.96898227048960361     
           8          36  0.98526687723470530     
           8          37  0.97241813430951540     
           9          38  0.96196486156946936     
          10          39  0.95290940710795791     
          10          40  0.94990754628229901     
          15          41  0.96695722769289971     
          16          42  0.96436799330443246     
          19          43  0.98449490000360029     
          19          44  0.98421518644098993     
          19          45  0.98446196805940034     
          20          46  0.98409719870013923     
          20          47  0.98672467309716805     
          20          48  0.98340896448539938     
          21          49  0.98409528477619856     
          21          50  0.98343352161860709     
          21          51  0.98673334224297338     
          22          52  0.96444503110250579     
          23          53  0.96596237700525889     
