           1           2   1.0158517273369092     
           2           3  0.98072067709416411     
           3           4  0.98575299886901502     
           4           5  0.99364779143721604     
           5           6   1.4188187814599087     
           6           7   1.4412700467033557     
           5           8  0.11029433143159076     
           7           8   1.4415808331205471     
           6           9  0.11062684326150510     
           8           9   1.4357757536412148     
           5          10   1.4110308453917213     
           7          10  0.11230452762788667     
           9          10   1.4487836408623347     
           1          11  0.98601876533167265     
           1          12  0.98622902274892588     
           1          13  0.98588165791964433     
           2          14  0.96882127097404669     
           2          15  0.96812076810023162     
           4          16  0.96401194091535536     
           4          17  0.95623746152449507     
           6          18  0.96894933575884357     
           7          19  0.97112790576813646     
           8          20  0.97147782781642589     
           9          21  0.97100210839128298     
          10          22  0.96849804631906977     
