           1           2   1.0191324381857658     
           2           3   1.0078122692252984     
           3           4   1.0069939441312337     
           4           5   1.0072780506629859     
           5           6   1.0072410193015422     
           6           7  0.98776124142902344     
           7           8  0.99851649668524334     
           7           9   1.8739797208418365     
           1          10  0.98750866267376780     
           1          11  0.98794769726895715     
           1          12  0.98794767269653316     
           2          13  0.97865260791883057     
           2          14  0.97865259608994515     
           3          15  0.97732632714828638     
           3          16  0.97732633166201077     
           4          17  0.97739932878601787     
           4          18  0.97739933316048810     
           5          19  0.97615947579692441     
           5          20  0.97615959905360050     
           6          21  0.95257881122586741     
           6          22  0.95257951245642802     
           8          23  0.98362065357230233     
           8          24  0.96455688643795134     
           8          25  0.96455699969907371     
