           1           2  0.99496149439904347     
           2           3  0.99496166948666909     
           2           4   1.0024140018766681     
           4           5   1.3937129741894172     
           5           6   1.4726845420080636     
           6           7   1.3648328034654003     
           7           8   1.0663376283761561     
           8           9   1.8633978814932353     
           5          10  0.10118800134267029     
           7          10   1.3662012634458356     
           4          11   1.4004771561572129     
          10          11   1.4667010247878176     
           1          12  0.98508302485678390     
           1          13  0.98738231471169757     
           1          14  0.98502699111161807     
           2          15  0.96749997338395710     
           3          16  0.98502701473846188     
           3          17  0.98508298056953769     
           3          18  0.98738231026709411     
           5          19  0.96572446132826228     
           6          20  0.96736391779247399     
           8          21  0.93047798231440049     
          10          22  0.96571905308532802     
          11          23  0.96701679694711462     
