           1           2   1.9850868554827192     
           2           3   1.0188121872463958     
           3           4  0.93090050039568784     
           4           5   1.1381530872830503     
           4           6  0.17350090029620757     
           5           6   1.7517578259937587     
           5           7  0.97338386895530837     
           7           8   1.0035321060973899     
           8           9  0.98649680153818597     
           9          10  0.99682731988853368     
           1          11  0.97559330717969273     
           1          12  0.97422212800659025     
           2          13  0.96300823916674261     
           3          14  0.95095439721544284     
           3          15  0.96402396129807533     
           7          16  0.95329763423988334     
           7          17  0.95012438119121700     
           8          18  0.96656641904361507     
           8          19  0.96674104167595187     
          10          20  0.97683463260650871     
          10          21  0.97993216474773970     
          10          22  0.97694893942968641     
