   -0.10334309
   -0.05353813
   -0.05979849
   -0.05359586
   -0.08869210
    0.23740022
   -0.35574369
   -0.08560695
   -0.05519140
   -0.05802963
   -0.05334699
   -0.10226364
    0.03555228
    0.03455473
    0.03519295
    0.02936976
    0.03120263
    0.03621991
    0.03306962
    0.03368334
    0.03635613
    0.05835881
    0.05080368
    0.06147680
    0.04680595
    0.05337384
    0.03101652
    0.02647457
    0.03659387
    0.02763605
    0.03332108
    0.03337585
    0.03207863
    0.03523275
