           1           2   1.0190166018698412     
           2           3   1.0068398562614771     
           3           4   1.0055080386037250     
           4           5  0.98494011180251873     
           5           6  0.98507063059638900     
           6           7   1.8707251000684157     
           6           8  0.98728351063425157     
           8           9   1.0009354718326939     
           9          10   1.0082628960253708     
          10          11   1.0079035176634710     
          11          12   1.0192140805069161     
           1          13  0.98783094890451861     
           1          14  0.98792188238942846     
           1          15  0.98724954540901488     
           2          16  0.97857555489845494     
           2          17  0.97844805681544122     
           3          18  0.97702354140391401     
           3          19  0.97731141863154658     
           4          20  0.97658969293632780     
           4          21  0.97809227917032993     
           5          22  0.97405030967620598     
           5          23  0.95865886606256401     
           8          24  0.94215611072486150     
           8          25  0.96864743883583171     
           9          26  0.97426658774578567     
           9          27  0.97738847596095890     
          10          28  0.97740392524206410     
          10          29  0.97678257904055077     
          11          30  0.97859486628135461     
          11          31  0.97841286041338260     
          12          32  0.98749243201192760     
          12          33  0.98806322081854225     
          12          34  0.98789329598865105     
