           1           2   1.9840926303283277     
           2           3   1.0193651924568907     
           3           4  0.93472076873434284     
           4           5   1.1317824328487904     
           4           6  0.17238911713801769     
           5           6   1.7529418513439867     
           5           7  0.95426770167632613     
           7           8  0.98108748216011876     
           8           9   1.0198339503922167     
           7          10  0.97663973882719080     
          10          11   1.0080767167334572     
          11          12   1.0190598101203556     
           1          13  0.97588275090491194     
           1          14  0.97442937397196849     
           2          15  0.96339949039109651     
           3          16  0.95065372670059001     
           3          17  0.96422078685026924     
           7          18  0.96563005079534903     
           8          19  0.97591722104361245     
           8          20  0.97563254252312026     
           9          21  0.98723616190852903     
           9          22  0.98695848510617923     
           9          23  0.98663349392635002     
          10          24  0.97381466700878649     
          10          25  0.97552451028805420     
          11          26  0.97736800924104927     
          11          27  0.97783364722673194     
          12          28  0.98761176281988960     
          12          29  0.98777559736606158     
          12          30  0.98718884146010411     
