           1           2   1.0194293587623002     
           2           3   1.0073308208908394     
           3           4   1.0078380466442083     
           4           5  0.99881998225187307     
           5           6  0.92865630099060459     
           6           7   1.1648821416117929     
           6           8  0.17532347384155872     
           7           8   1.7295886935808713     
           7           9  0.94054951711984713     
           9          10  0.97182147540140784     
           9          11   1.0127414438481646     
           1          12  0.98786307103197335     
           1          13  0.98723357071169326     
           1          14  0.98771057641687521     
           2          15  0.97848460489437927     
           2          16  0.97842683293259369     
           3          17  0.97630123079171405     
           3          18  0.97607740872977511     
           4          19  0.97243307517804267     
           4          20  0.97530262649121879     
           5          21  0.96627881257379200     
           5          22  0.96915363423274359     
           9          23  0.95036023980789075     
          10          24  0.98532209002357740     
          10          25  0.98162736883283153     
          10          26  0.98614156003965336     
          11          27  0.87221417003642188     
