           1           2   1.0157416197548834     
           2           3   1.8562346036862811     
           2           4  0.95177663209989216     
           4           5  0.95178007170358048     
           5           6   1.0157481998376976     
           5           7   1.8562340261943437     
           1           8  0.95689990090397226     
           1           9  0.95416376267164604     
           1          10  0.98064170062373768     
           4          11  0.96404829540972414     
           4          12  0.96405487202451468     
           6          13  0.95413804578498218     
           6          14  0.98063456728278042     
           6          15  0.95692900499329703     
