   -0.13608165
    0.26727317
   -0.45049992
   -0.10820939
   -0.00500628
   -0.06820016
   -0.01004439
   -0.10908187
   -0.10818898
   -0.00107972
   -0.06659296
   -0.01098037
   -0.10739630
   -0.10758792
    0.05031227
    0.06646022
    0.05145428
    0.05016677
    0.04771940
    0.03891104
    0.03752362
    0.02729809
    0.03852000
    0.03780505
    0.03285580
    0.03450829
    0.03811586
    0.03808936
    0.07121548
    0.03922067
    0.04647015
    0.03055740
    0.03396528
    0.03442706
    0.03174917
    0.03665860
    0.03653891
    0.03647142
    0.03466257
