           1           2  0.98062284605706207     
           2           3   1.6703905351682955     
           2           4   1.2420579766073168     
           3           4  0.19216189748521259     
           4           5  0.99400003510671420     
           5           6  0.99149208427846192     
           6           7  0.99552590745732183     
           7           8   1.0095939226229895     
           7           9   1.0080195541940917     
           4          10  0.98203680889998679     
          10          11  0.99577921987681484     
          11          12  0.99511683037600707     
          12          13   1.0095728529234336     
          12          14   1.0080867599515277     
           1          15  0.96755997348645018     
           1          16  0.98353999399458869     
           1          17  0.97258346618687785     
           5          18  0.96810006407872529     
           5          19  0.96646130259796070     
           6          20  0.97490484122844001     
           6          21  0.97347291030540506     
           7          22  0.96877780471866104     
           8          23  0.98589134145859425     
           8          24  0.98655641810862804     
           8          25  0.98537018733412940     
           9          26  0.98658241939335956     
           9          27  0.98610210593042558     
           9          28  0.98681334753358996     
          10          29  0.96513442859926468     
          10          30  0.96897857097041007     
          11          31  0.97501945011894919     
          11          32  0.97477508224409726     
          12          33  0.96851849552726232     
          13          34  0.98671694012532685     
          13          35  0.98503024091422198     
          13          36  0.98609764398536326     
          14          37  0.98653904348124866     
          14          38  0.98627325252015852     
          14          39  0.98706213139495191     
