   -0.11843406
    0.11944313
   -0.11450254
   -0.26456906
    0.36282591
   -0.43452555
   -0.10503862
    0.15083871
   -0.11573275
   -0.45194642
    0.00139349
   -0.03951963
   -0.03095268
   -0.03182558
   -0.02985016
   -0.02935084
    0.05259283
    0.05388840
    0.05842666
    0.05045378
    0.05042756
    0.05230298
    0.05356523
    0.07586870
    0.06240463
    0.05118439
    0.03898085
    0.03867443
    0.31334854
    0.02519546
    0.02970102
    0.03031682
    0.03296622
    0.06144815
