           1           2   1.0076206031855637     
           2           3   1.0024311780794057     
           2           4  0.91245137577432023     
           4           5   1.1632690302006696     
           4           6  0.17275494601756736     
           5           6   1.7082197164673181     
           5           7  0.97788916445245322     
           7           8  0.94150916506517213     
           8           9  0.97768003908321366     
           8          10   1.0008414143324549     
           8          11  0.97475089169468832     
          11          12   1.4092960049945999     
          12          13   1.4503494214158537     
          11          14  0.11003485271931394     
          13          14   1.4332614167638802     
          12          15  0.11211878467087545     
          14          15   1.4441441547672307     
          11          16   1.4205508691357394     
          13          16  0.11060951417299780     
          15          16   1.4382729784945705     
           1          17  0.98336221940664859     
           1          18  0.98485754339026932     
           1          19  0.98424888518612663     
           2          20  0.96096299190349077     
           3          21  0.98336227947090804     
           3          22  0.98521236332652640     
           3          23  0.98429968000198753     
           7          24  0.94893311048060480     
           7          25  0.97164703161865040     
           9          26  0.98533902776356797     
           9          27  0.98237382259465489     
           9          28  0.98388759567401818     
          10          29  0.86182586365675218     
          12          30  0.96650003451504818     
          13          31  0.97124364871800273     
          14          32  0.97140725454768229     
          15          33  0.97081679437961055     
          16          34  0.96441222064927212     
