           1           2   1.8720100199522927     
           2           3  0.98875116494881010     
           3           4  0.98906591050740533     
           4           5   1.0102093132237402     
           5           6   1.0102093138295249     
           2           7  0.98875116514891448     
           6           7  0.98906590941809924     
           3           8  0.95327765816261101     
           3           9  0.97462957906201386     
           4          10  0.97590861513141924     
           4          11  0.97801547521013532     
           5          12  0.97679204688458421     
           5          13  0.97503225682949635     
           6          14  0.97801547506590114     
           6          15  0.97590861488116987     
           7          16  0.95327765890070593     
           7          17  0.97462957921264326     
