   -0.14625049
    0.36049330
   -0.41655811
   -0.26323052
    0.08493676
   -0.07063797
    0.00622831
   -0.11258672
   -0.06144261
   -0.05301126
   -0.06020553
    0.00686930
   -0.10979690
   -0.10689947
    0.07830474
    0.07540452
    0.07128419
    0.05611608
    0.05105056
    0.05206310
    0.04606478
    0.04797141
    0.04452635
    0.04375890
    0.03825047
    0.03692465
    0.03378905
    0.02416110
    0.04253039
    0.03621480
    0.04196754
    0.04152932
    0.04044440
    0.03973556
