           1           2  0.98518453444355980     
           2           3   1.7496593155403202     
           2           4   1.1394232635288617     
           3           4  0.17406339065899232     
           4           5  0.93875833108582007     
           5           6   1.0193136023788121     
           6           7   1.8750809753013420     
           7           8   1.0243813479724169     
           7           9   1.0146379010876918     
           9          10  0.96650379115272822     
          10          11   1.0225767526281104     
          11          12   1.8822989034649755     
          12          13   1.0218430787826844     
          12          14   1.0242024081929548     
           1          15  0.95681412229508012     
           1          16  0.97732270774801755     
           1          17  0.97888831052627900     
           5          18  0.95303452502509789     
           5          19  0.95186636203895625     
           6          20  0.96173325665231957     
           8          21  0.96934873957126710     
           8          22  0.98525132711745200     
           8          23  0.97151608293812219     
           9          24  0.96833570734362251     
           9          25  0.97537170572375231     
          10          26  0.96789958577537605     
          10          27  0.97457190272503724     
          11          28  0.96552218370604703     
          13          29  0.97384305459612897     
          13          30  0.98532027508112130     
          13          31  0.97298100996035897     
          14          32  0.96999209394256636     
          14          33  0.97631895848356398     
          14          34  0.97903150739934375     
