           1           2  0.96675930742380667     
           2           3   1.0773120874917670     
           2           4  0.15528151314325284     
           3           4   1.6667577939414540     
           3           5   1.0977163250355229     
           5           6   1.6589236571792116     
           6           7   1.0212504729906833     
           7           8  0.95035233871297375     
           8           9  0.98218752673589371     
           6          10  0.98159471339636073     
           9          10  0.98375808395089526     
           5          11  0.97743974820797330     
           9          11  0.95299776009726334     
          11          12  0.95055897025885605     
          12          13   1.7534885331657990     
          12          14   1.1389990502925769     
          13          14  0.17569628355897043     
          14          15  0.95408145376032094     
           1          16  0.98204977533932292     
           1          17  0.97619844447621806     
           1          18  0.97698986397248921     
           7          19  0.97791660528935265     
           7          20  0.97749707462356206     
           8          21  0.97432271862157038     
           8          22  0.98046426715332946     
           9          23  0.96961590880941784     
          10          24  0.97597623503844733     
          10          25  0.96872126998266828     
          11          26  0.94365826194029112     
          15          27  0.98154774390092403     
          15          28  0.97711099144388469     
          15          29  0.97655760038672468     
