           1           2   1.0201328399176712     
           2           3  0.98747087104593778     
           3           4   1.0007580046801510     
           3           5  0.95410454412927737     
           5           6   1.1162205832022942     
           5           7  0.13312943604206870     
           6           7   1.7429944099150303     
           6           8  0.99103882965882328     
           8           9   1.4342191483107267     
           9          10   1.4115038461810621     
           8          11  0.10288488443492731     
          10          11   1.4573077525343123     
          11          12   1.4111424599718796     
           8          13   1.3287901788046728     
          10          13  0.10295907284811325     
          12          13   1.4352382744235979     
           5          14   1.1202304591089634     
          13          14  0.98833492470547357     
           5          15  0.13236917807458198     
          14          15   1.7415653446531072     
           1          16  0.98812095789654020     
           1          17  0.98691940990943083     
           1          18  0.98661484442263125     
           2          19  0.97455609529487885     
           2          20  0.97363060982636607     
           3          21  0.95786183032286920     
           4          22  0.98281652778656214     
           4          23  0.98615458383813559     
           4          24  0.98369339385392918     
           9          25  0.96653218597019308     
          10          26  0.96964611638839227     
          11          27  0.96965164856754094     
          12          28  0.96649000626002191     
