           1           2   1.0093091390800824     
           2           3  0.98122490417628383     
           3           4  0.99247561077932700     
           4           5   1.0059408789126123     
           3           6   1.2506229487974019     
           3           7  0.19349226854475107     
           6           7   1.6687195049594103     
           6           8  0.95315975413257692     
           8           9  0.99956143909082695     
           9          10   1.4055396291351669     
          10          11   1.4499432622761463     
           9          12  0.10847647075247742     
          11          12   1.4350020861134023     
          10          13  0.11139115283261758     
          12          13   1.4404816593753860     
           9          14   1.4090043133626753     
          11          14  0.10956128100314576     
          13          14   1.4415113432939484     
           1          15  0.98457501136982251     
           1          16  0.98659357233425604     
           1          17  0.98577678995618268     
           2          18  0.96620334750077230     
           2          19  0.97210518349972563     
           4          20  0.97013431670257033     
           4          21  0.96254555584664003     
           5          22  0.98494561656737700     
           5          23  0.98500367489440555     
           5          24  0.98576205974362752     
           8          25  0.96357721270921026     
           8          26  0.95634689411717511     
          10          27  0.96832032274748037     
          11          28  0.97104017287081368     
          12          29  0.97156814954986337     
          13          30  0.97116496539849206     
          14          31  0.96882715221081206     
