           1           2   1.0199723451943004     
           2           3   1.0078355215969530     
           3           4  0.97108221029447961     
           4           5   1.7557586640774019     
           4           6   1.1299366892550022     
           5           6  0.17135078639012441     
           6           7  0.93539245096899237     
           7           8   1.0054545085729507     
           8           9  0.99464627606996436     
           9          10   1.0084952479498692     
           9          11   1.0097460840264998     
           1          12  0.98758720227816044     
           1          13  0.98690543648604989     
           1          14  0.98761351401446862     
           2          15  0.97694601696724304     
           2          16  0.97723876680947308     
           3          17  0.95537147771682462     
           3          18  0.95388771800695560     
           7          19  0.96747831509867976     
           7          20  0.96830122308948019     
           8          21  0.97492841581463674     
           8          22  0.97340678829066896     
           9          23  0.96867022676578407     
          10          24  0.98676006389160720     
          10          25  0.98606820376606275     
          10          26  0.98654930014922093     
          11          27  0.98520052229313138     
          11          28  0.98577156007771305     
          11          29  0.98640539306026798     
