           1           2   1.9824972469416020     
           2           3   1.0128245468008823     
           3           4  0.94582596773539795     
           4           5   1.1284160008890249     
           4           6  0.17291904763331339     
           5           6   1.7561918070174416     
           5           7  0.97006657470490554     
           7           8  0.99017353162200428     
           8           9   1.0085295975311648     
           9          10   1.0078257975227636     
          10          11   1.0192512004914158     
           1          12  0.97416064861173357     
           1          13  0.97598534051432195     
           2          14  0.96374957943099870     
           3          15  0.95528142300735130     
           3          16  0.95117814652378607     
           7          17  0.95432202526998711     
           7          18  0.97498544201443504     
           8          19  0.97609952525588284     
           8          20  0.97546848898197480     
           9          21  0.97633516249951691     
           9          22  0.97675458907975299     
          10          23  0.97830889392939624     
          10          24  0.97845955853589728     
          11          25  0.98738682798638333     
          11          26  0.98793341199999474     
          11          27  0.98789757211176332     
