   -0.15302275
    0.13866732
   -0.07142617
   -0.01650802
   -0.06320924
   -0.07036656
    0.11319160
   -0.11930800
   -0.21641547
    0.36163210
   -0.38009302
   -0.08581347
   -0.10493659
   -0.02426350
   -0.05719618
   -0.05260480
   -0.05934935
   -0.05251272
   -0.09973278
   -0.27790890
    0.08529698
   -0.06706516
    0.01946165
   -0.10746230
   -0.06059845
   -0.05248627
   -0.06043520
    0.00738104
   -0.10634166
   -0.10972509
    0.03237482
    0.03196981
    0.04662595
    0.05488182
    0.03324769
    0.03686030
    0.04078665
    0.06684067
    0.06498347
    0.06048858
    0.06586051
    0.05919177
    0.04316103
    0.04800765
    0.05087108
    0.03100006
    0.05958433
    0.02985469
    0.02883456
    0.02864033
    0.03088911
    0.03182005
    0.02700253
    0.03054956
    0.03171763
    0.03302482
    0.02884059
    0.02778075
    0.03192506
    0.05579370
    0.04040457
    0.04417790
    0.03295258
    0.04978110
    0.03054541
    0.03679352
    0.02305920
    0.04276583
    0.03977896
    0.03904442
    0.03587923
    0.04283082
    0.04172788
