           1           2   1.8291911430444290     
           2           3  0.99510725120791221     
           3           4  0.98397137863778850     
           4           5  0.99224548788663813     
           5           6   1.0044417824539520     
           6           7   1.0026239256618499     
           7           8   1.8323090493819849     
           8           9  0.95055506255356514     
           9          10   1.1001265287151198     
           9          11  0.16469484043894539     
          10          11   1.7883824590882933     
          10          12  0.95894599066091946     
          12          13   1.0168205616133514     
           4          14  0.97600234702282207     
           7          14  0.98853804803856704     
          14          15  0.96827576438203944     
          15          16   1.0070820845587369     
          16          17   1.0059883583357803     
          17          18   1.0077797193343523     
          18          19   1.0189732821442532     
           1          20  0.12537021282641830     
           2          20   1.0629880482814515     
          20          21  0.95331578347885315     
          21          22   1.0063462501806675     
          22          23   1.8816359199107946     
          23          24   1.0240282291056659     
          23          25   1.0148932524253877     
          25          26  0.96803442427317310     
          26          27   1.0214311684376973     
          27          28   1.8828628101905194     
          28          29   1.0241881988243542     
          28          30   1.0219332824620238     
           1          31  0.97713952071429311     
           1          32  0.97291122137874675     
           3          33  0.97223880276424168     
           3          34  0.96470461429778209     
           4          35  0.96931852831383924     
           5          36  0.98035725541671659     
           5          37  0.97738433544741121     
           6          38  0.95757277477677860     
           6          39  0.95851666665938606     
          12          40  0.96721596000954912     
          12          41  0.95013707960492344     
          13          42  0.98492037558102030     
          13          43  0.98661160031895889     
          13          44  0.98748970000553382     
          14          45  0.95883995244369813     
          15          46  0.97634382049469026     
          15          47  0.96389341765131653     
          16          48  0.97710980477569609     
          16          49  0.97590276898537498     
          17          50  0.97793727380106688     
          17          51  0.97510907490653387     
          18          52  0.97843107419484165     
          18          53  0.97702699002824644     
          19          54  0.98592543766075691     
          19          55  0.98760487658774199     
          19          56  0.98807559481032115     
          21          57  0.96058932750858939     
          21          58  0.97040284642882324     
          22          59  0.96667660679357736     
          24          60  0.97712131464095164     
          24          61  0.98194058011530794     
          24          62  0.96553348677785933     
          25          63  0.97554789272336373     
          25          64  0.96163449440139426     
          26          65  0.97575867835739682     
          26          66  0.96865885131828233     
          27          67  0.96584324326864490     
          29          68  0.97034433932942565     
          29          69  0.97385230441957948     
          29          70  0.98046569419822416     
          30          71  0.98536356460411301     
          30          72  0.97331346652226458     
          30          73  0.97340035417196979     
