   -0.10426019
   -0.05133085
   -0.06391535
    0.00619977
   -0.10414553
    0.27517040
   -0.38656325
   -0.04868872
   -0.04966577
   -0.05816656
   -0.05806130
   -0.05565817
   -0.04609783
    0.27823737
   -0.38475126
    0.03627368
    0.03744770
    0.03539580
    0.02514201
    0.04213977
    0.04549895
    0.04985707
    0.06824048
    0.06046552
    0.05789819
    0.03438064
    0.04783752
    0.03906313
    0.04069028
    0.03820135
    0.03999758
    0.04008575
    0.05624352
    0.05683831
