           1           2   1.0192195065341982     
           2           3   1.0089434111837243     
           3           4  0.99605256954886157     
           4           5  0.96846275349785271     
           5           6   1.1297329619416672     
           5           7  0.14188586760333194     
           6           7   1.7599768812474064     
           6           8  0.95447407585160404     
           8           9  0.96716588583086760     
           9          10   1.0060362697751746     
          10          11   1.0092123410652760     
          11          12   1.0090929463284222     
           8          13  0.98109159542005464     
          12          13  0.99255998093352960     
           5          14   1.1257291990593359     
          13          14  0.95464584023546195     
           5          15  0.13894852657586007     
          14          15   1.7647776523476211     
           1          16  0.98772227169225535     
           1          17  0.98721645629109089     
           1          18  0.98782472761216700     
           2          19  0.97853544215954280     
           2          20  0.97712012509811252     
           3          21  0.97320231820520653     
           3          22  0.97537352401812527     
           4          23  0.96822726576604801     
           4          24  0.96679478176342470     
           8          25  0.96348061348033620     
           9          26  0.97582668752561930     
           9          27  0.97623224030469191     
          10          28  0.97492013600252059     
          10          29  0.97640686077778760     
          11          30  0.97646129426807105     
          11          31  0.97640652686247875     
          12          32  0.97659597595803838     
          12          33  0.97177064940824787     
          13          34  0.93859539116804958     
