           1           2   1.0073798131072813     
           2           3  0.98288158064071496     
           3           4   1.0016214805977437     
           4           5  0.99747666800547230     
           2           6  0.98173313619680158     
           5           6  0.99519587919899788     
           5           7  0.97071924442078372     
           7           8   1.0016886228345248     
           7           9   1.0028264829153564     
           2          10  0.96638870270879873     
           7          10  0.95120833831979557     
          10          11  0.99382750422001864     
           1          12  0.98172434322975488     
           1          13  0.98466666700781602     
           1          14  0.98494376452555332     
           3          15  0.98040735278968494     
           3          16  0.97923620671595635     
           4          17  0.97648703902224776     
           4          18  0.98011725742365063     
           5          19  0.97048624341368439     
           6          20  0.97360571053214318     
           6          21  0.97707235673238468     
           8          22  0.98303349737373225     
           8          23  0.98173896583294606     
           8          24  0.98431392253131822     
           9          25  0.98204004786027510     
           9          26  0.98453715601609515     
           9          27  0.98513536853010342     
          10          28  0.96144599914557238     
          11          29  0.89785214602292618     
