   -0.10167219
   -0.05321806
   -0.05842566
   -0.05967713
   -0.05782813
   -0.05758282
   -0.05907007
   -0.05975480
   -0.05859101
   -0.09029847
    0.36212432
   -0.40651056
   -0.38471502
    0.03284821
    0.03192992
    0.03200179
    0.03117478
    0.02768689
    0.02887317
    0.02715220
    0.02792324
    0.03725332
    0.02726828
    0.03045427
    0.02787030
    0.02957737
    0.03681199
    0.02722803
    0.02928951
    0.04270012
    0.03712577
    0.05351115
    0.07068750
    0.06835007
    0.32750174
