           1           2   1.0190800299582188     
           2           3   1.0078239445966126     
           3           4   1.0068879222095544     
           4           5   1.0079247912827383     
           5           6   1.0067458180532720     
           6           7   1.0069171524024343     
           7           8   1.0081217969276588     
           8           9   1.0076772419969444     
           9          10   1.0035547521941766     
          10          11  0.98022375152902697     
          11          12   1.7712229448059216     
          11          13   1.1223064812774828     
          12          13  0.17043508129815793     
           1          14  0.98805512358193848     
           1          15  0.98806933271165209     
           1          16  0.98760480495957337     
           2          17  0.97851329277709320     
           2          18  0.97868234501969864     
           3          19  0.97770518452383404     
           3          20  0.97744195674944201     
           4          21  0.97738917640720591     
           4          22  0.97529575667089763     
           5          23  0.97675359724583410     
           5          24  0.97611984074881764     
           6          25  0.97759670098460916     
           6          26  0.97750045785116624     
           7          27  0.97557351866564002     
           7          28  0.97687130531862409     
           8          29  0.97720250621256211     
           8          30  0.97405463695825434     
           9          31  0.97704745979448493     
           9          32  0.97452505861961303     
          10          33  0.94385609301395190     
          10          34  0.96279385397273909     
          13          35  0.86770987173121639     
