           1           2   1.9773325717613170     
           2           3   1.0261726712571946     
           3           4  0.95762257197202250     
           4           5  0.98578215050519769     
           5           6   1.0096745704079135     
           6           7   1.0098487651116637     
           7           8  0.99122459572659039     
           4           9  0.99157526342117563     
           8           9   1.0057754130919312     
           9          10   1.8237640577543464     
          10          11   1.0148190944194990     
           1          12  0.97526141816548628     
           1          13  0.97723383534890462     
           2          14  0.96515014449786163     
           3          15  0.97401736704276587     
           3          16  0.96154570792806848     
           4          17  0.96474658771346500     
           5          18  0.97672468527056189     
           5          19  0.97294006954814094     
           6          20  0.97581221971716015     
           6          21  0.97399964931355720     
           7          22  0.97685906156530689     
           7          23  0.97839805667783586     
           8          24  0.97079132977733118     
           8          25  0.95426026830319732     
          11          26  0.89734422248830781     
