           1           2   1.0123247391610890     
           2           3  0.99137942666952983     
           3           4  0.97909189428949162     
           4           5  0.98802672475297859     
           5           6  0.99726245946919934     
           6           7  0.98609029076913468     
           7           8  0.98411221440806140     
           8           9  0.98728180687020162     
           9          10   1.0102303440160396     
           1          11  0.89155292640045214     
           2          12  0.96746839893582914     
           2          13  0.97175083716355715     
           3          14  0.96711438017029205     
           3          15  0.96709257382203284     
           5          16  0.96582641390720825     
           5          17  0.96461382454233657     
           6          18  0.96653028247928741     
           6          19  0.96470273673911811     
           8          20  0.96617683104811158     
           8          21  0.96754855116885330     
           9          22  0.96595689872564983     
           9          23  0.97169103241703603     
          10          24  0.88748753529333702     
