           1           2   1.0191926002028908     
           2           3   1.0079038822819641     
           3           4  0.98144227459624478     
           4           5   1.0141964070221301     
           4           6  0.95365678093418316     
           6           7  0.98003686116781674     
           6           8  0.97913734623716198     
           8           9   1.0110065317105272     
           8          10   1.8434897409275319     
           1          11  0.98723926270070650     
           1          12  0.98799165760112284     
           1          13  0.98782320637989562     
           2          14  0.97832618683469064     
           2          15  0.97606945462630856     
           3          16  0.97696112458713813     
           3          17  0.97461083857245567     
           4          18  0.96027519343076584     
           5          19  0.86258456767846192     
           6          20  0.96725357182727878     
           7          21  0.98336490869586923     
           7          22  0.98204709559450976     
           7          23  0.98617515578502646     
           9          24  0.98216588776031799     
           9          25  0.95470123643442961     
           9          26  0.96383483377679846     
