           1           2   1.0072826933506778     
           2           3   1.0103597021325827     
           2           4  0.98240593299783041     
           4           5  0.96798915020337928     
           5           6   1.1320363162316074     
           5           7  0.14096127806112063     
           6           7   1.7583407980358985     
           6           8  0.95643621001218149     
           8           9  0.96239285156813414     
           9          10   1.0248584992547853     
          10          11   1.9247247981308073     
          11          12   1.0246603027111232     
           8          13  0.99209247194672256     
          12          13  0.96188893636460537     
           5          14   1.1332017916677488     
          13          14  0.95572855662783596     
           5          15  0.14024867502570415     
          14          15   1.7593608534595024     
           1          16  0.98623056125454955     
           1          17  0.98541537343563479     
           1          18  0.98629161749084648     
           2          19  0.96723080505475656     
           3          20  0.98557356516755457     
           3          21  0.98579776470614200     
           3          22  0.98617250231742615     
           4          23  0.96631040901447729     
           4          24  0.96650430794416198     
           8          25  0.95199502705471961     
           9          26  0.95702505670817573     
           9          27  0.97705055416622411     
          10          28  0.96791022781628466     
          11          29  0.96790733090051684     
          12          30  0.97703676355096514     
          12          31  0.95761490445132746     
          13          32  0.95275507371232060     
