           1           2   1.0210164218320059     
           2           3  0.99391724178078100     
           3           4  0.99628619856517642     
           4           5   1.8486381320301806     
           4           6  0.96449116306354998     
           6           7   1.0127382530876010     
           6           8  0.95090240683351401     
           8           9   1.0050851943056394     
           9          10   1.0181973030601257     
           1          11  0.98662756136737095     
           1          12  0.98737735539234062     
           1          13  0.98695151990640606     
           2          14  0.97802696371539999     
           2          15  0.97542131937557675     
           3          16  0.97184955335291878     
           3          17  0.94064617071990364     
           6          18  0.94365629850621413     
           7          19  0.86575173449914655     
           8          20  0.97596356560168807     
           8          21  0.97660610493697986     
           9          22  0.97536371085806872     
           9          23  0.97819369196617278     
          10          24  0.98650639929175576     
          10          25  0.98762649351835474     
          10          26  0.98782152018389269     
