           1           2   1.0104180957168638     
           2           3  0.97905411435993939     
           3           4  0.98668630508987631     
           4           5   1.0064093099604088     
           5           6   1.0000876677728878     
           3           7  0.96702414218543753     
           6           7  0.98314177381977241     
           1           8  0.88948433276135686     
           2           9  0.97203817910891965     
           2          10  0.96612231084187650     
           3          11  0.96401980409513377     
           4          12  0.97876087137307077     
           4          13  0.98077236496704623     
           5          14  0.97942043039094318     
           5          15  0.97999029789644398     
           6          16  0.97030153090993987     
           6          17  0.97250980707232459     
