           1           2   1.0080269970542879     
           2           3   1.0096835497754444     
           2           4  0.99620411873815107     
           4           5   1.0073953293856499     
           5           6  0.98932510993971190     
           6           7   1.0002697559989555     
           6           8  0.98610939819865240     
           8           9  0.99376713435130049     
           9          10   1.0019899669890264     
           9          11  0.97678937193023274     
           1          12  0.98689347698771723     
           1          13  0.98668736564091453     
           1          14  0.98704214346243846     
           2          15  0.96910298013194440     
           3          16  0.98486376010014309     
           3          17  0.98657210793386840     
           3          18  0.98646048194690783     
           4          19  0.97412435042077683     
           4          20  0.97540548577145758     
           5          21  0.97666693115257264     
           5          22  0.97375174329101133     
           6          23  0.95664486093162693     
           7          24  0.86817163268625530     
           8          25  0.97399701436062402     
           8          26  0.97296231079205764     
           9          27  0.96120385495102267     
          10          28  0.98459660286228234     
          10          29  0.98518500871280668     
          10          30  0.98567778300347064     
          11          31  0.89656576228036633     
