   -0.10207119
   -0.05453242
   -0.05877956
   -0.05857562
   -0.05451772
   -0.08219064
    0.26280773
   -0.45104086
   -0.10083960
   -0.00083430
   -0.06180592
   -0.06053963
   -0.01701569
   -0.10595448
   -0.00471351
    0.03246933
    0.03102536
    0.03333899
    0.02793804
    0.03577621
    0.03200932
    0.02843566
    0.02555869
    0.02699952
    0.04953266
    0.04553595
    0.03842890
    0.04425443
    0.07628706
    0.03483845
    0.04634253
    0.03780351
    0.03641793
    0.03259587
    0.03123236
    0.03942789
    0.04519637
    0.03189791
    0.03907922
    0.04818123
