           1           2   1.0190255411373805     
           2           3   1.0089673006852178     
           3           4   1.0064228445843257     
           4           5   1.0081878472829646     
           5           6   1.0062798742366821     
           6           7  0.96531091936526570     
           7           8   1.6691451978445446     
           7           9   1.2408782580397915     
           8           9  0.19164013709728572     
           9          10  0.98461050972644193     
          10          11  0.99939507600928312     
          11          12   1.0088806717505565     
          12          13  0.99701022310547616     
          13          14   1.0104588455914028     
           9          15  0.99748504393057746     
          13          15  0.98150013455781449     
           1          16  0.98764188039510681     
           1          17  0.98795438090477750     
           1          18  0.98806297963897083     
           2          19  0.97849665993912238     
           2          20  0.97673530464443270     
           3          21  0.97726080664154069     
           3          22  0.97714761428121477     
           4          23  0.97705532813643059     
           4          24  0.97757757415095325     
           5          25  0.97437712329277848     
           5          26  0.97606233278272647     
           6          27  0.96130903499787368     
           6          28  0.95988657222401275     
          10          29  0.96471292191555125     
          10          30  0.96765442065987628     
          11          31  0.97523591452359049     
          11          32  0.97528769311361874     
          12          33  0.97579531189821866     
          12          34  0.97703213703847180     
          13          35  0.96782239014839877     
          14          36  0.98555319846589218     
          14          37  0.98341427663147385     
          14          38  0.98653145588855240     
          15          39  0.96566085859920736     
          15          40  0.96738340946676871     
