           1           2   1.0082608204290502     
           2           3  0.97264138302886427     
           3           4   1.0175661081008445     
           4           5   1.4070804106996633     
           5           6   1.4401083281783404     
           6           7   1.4118847843883051     
           7           8  0.97976112759044465     
           5           9  0.10698637493734382     
           7           9   1.4053503407469754     
           4          10   1.4023013093506629     
           6          10  0.10854341877582231     
           9          10   1.4488588447215214     
           1          11  0.89667143212078848     
           2          12  0.97132267387041582     
           2          13  0.97001860899162917     
           3          14  0.97202487485086086     
           3          15  0.97031971320063981     
           5          16  0.96606962577995747     
           6          17  0.96805688754976305     
           9          18  0.96801585564706050     
          10          19  0.96714911024555916     
