           1           2  0.96276931193875792     
           2           3   1.1112137994281976     
           2           4  0.16608668572741730     
           3           4   1.7222338074735810     
           3           5   1.0075815706540561     
           5           6   1.3741605582759178     
           6           7   1.4395926299679092     
           7           8   1.4550274306127540     
           8           9   1.3379143931005135     
           9          10   1.1663549711154984     
           5          11   1.4048701192418280     
           9          11   1.3543047759378435     
           1          12  0.97673534756401126     
           1          13  0.98218715172791904     
           1          14  0.97669811455947686     
           6          15  0.96803207512260792     
           7          16  0.97041368990240540     
           8          17  0.96870232764593933     
          10          18  0.95446389646851659     
          10          19  0.95371887774817077     
          11          20  0.96373484244273711     
