           1           2  0.98677230071577948     
           2           3   1.0584836172667607     
           3           4   1.3468630390173542     
           4           5   1.4747413728490650     
           5           6   1.3922531542917669     
           6           7  0.98669625197230493     
           7           8  0.99152091612098991     
           7           9  0.98300694398599586     
           4          10  0.10864084650508710     
           6          10   1.4228308446751223     
           3          11   1.3780654949531594     
           5          11  0.10246967045430173     
          10          11   1.4371579890502966     
           1          12  0.97978720341898784     
           1          13  0.97660377164668133     
           1          14  0.97666380642482420     
           4          15  0.96811745434073604     
           5          16  0.96843503847546530     
           7          17  0.95851511664036360     
           8          18  0.98347232278297791     
           8          19  0.98549220037493468     
           8          20  0.98661453853708658     
           9          21  0.90383102119635961     
          10          22  0.96731799358283943     
          11          23  0.96623111773904191     
