    0.03396285
   -0.25787130
    0.36094111
   -0.42181375
   -0.08877719
   -0.05704040
   -0.04771788
   -0.08882929
    0.26786721
   -0.45141658
   -0.12000430
    0.03764816
   -0.11245476
   -0.11326265
    0.05315549
   -0.11293029
   -0.11460795
    0.06092492
    0.06066324
    0.06752790
    0.06131277
    0.06176763
    0.06986897
    0.04107899
    0.05068458
    0.02414070
    0.04347120
    0.05999946
    0.05054622
    0.04442310
    0.04334943
    0.04406749
    0.04229402
    0.04579188
    0.04585527
    0.03718995
    0.03264083
    0.06704543
    0.03700748
    0.03701787
    0.07016392
    0.03431825
