           1           2  0.95969420019817919     
           2           3   1.1324427970208517     
           2           4  0.16978935780564031     
           3           4   1.7438356521825547     
           3           5  0.97532428530386839     
           5           6  0.98142100947938249     
           6           7   1.0086822065140673     
           7           8   1.0050458866271355     
           8           9  0.96640594744763764     
           9          10   1.6631273636892274     
           9          11   1.2474877907795607     
          10          11  0.18818516502817131     
          11          12  0.97874381635542052     
          12          13  0.99937253981676355     
          12          14  0.99878098937772752     
          11          15  0.96262806049931482     
          15          16   1.0021448862456810     
          15          17   1.0015207228360339     
           1          18  0.97724454150913020     
           1          19  0.97741272096659571     
           1          20  0.98205441382584624     
           5          21  0.97273503763179259     
           5          22  0.96117170850700240     
           6          23  0.97022018133022259     
           6          24  0.97783435472739610     
           7          25  0.97605341249775313     
           7          26  0.97789633640669038     
           8          27  0.95669568606546118     
           8          28  0.95894728357548809     
          12          29  0.95706896369573213     
          13          30  0.98454630802773146     
          13          31  0.98529227828874721     
          13          32  0.98174083704425397     
          14          33  0.98337845989112915     
          14          34  0.98503951057239081     
          14          35  0.98424943744146443     
          15          36  0.96049401488933384     
          16          37  0.98660471642776892     
          16          38  0.98049433327754487     
          16          39  0.98504431678925752     
          17          40  0.98497599269725100     
          17          41  0.98014041241190109     
          17          42  0.98582701951312579     
