   -0.10809582
    0.00750599
   -0.10969735
   -0.06076514
   -0.05287889
   -0.06148239
    0.00672989
   -0.11271662
   -0.07089151
    0.08802674
   -0.26395074
    0.35016020
   -0.43019751
   -0.00972744
   -0.06346597
    0.06501514
    0.00921348
   -0.03110336
   -0.02838230
   -0.03012669
   -0.02987629
   -0.03488265
   -0.22399154
    0.10544247
    0.05971471
   -0.02587298
   -0.02291828
   -0.02790630
   -0.02538253
   -0.03158723
    0.04076879
    0.04173162
    0.04226643
    0.03597180
    0.04251944
    0.04226341
    0.02348066
    0.03434227
    0.03570623
    0.04029316
    0.04227005
    0.04929647
    0.04560106
    0.04493976
    0.05079945
    0.05033762
    0.05701965
    0.04291814
    0.05061831
    0.03151087
    0.03004784
    0.02966841
    0.03201303
    0.04489055
    0.04353092
    0.04068732
    0.04252621
    0.05607146
