           1           2   1.0245447326581092     
           2           3   1.0221123636779168     
           2           4   1.8823901182749405     
           4           5   1.0215481639054274     
           5           6  0.96693380515666150     
           6           7   1.0148743166053871     
           7           8   1.0244243839983387     
           7           9   1.8746488332871629     
           9          10   1.0184071837139181     
          10          11  0.93996426117620380     
          11          12   1.1236060519805828     
          11          13  0.17011309658991935     
          12          13   1.6988781941417821     
          12          14   1.0254139444503396     
          14          15   1.4429623816248351     
          15          16   1.3321818479798790     
          16          17   1.0731452497345630     
          17          18   1.3749436349459871     
          18          19   1.4605086510499810     
          17          20  0.10244418214597023     
          19          20   1.4289543387119596     
          18          21  0.10715389981002552     
          20          21   1.4342337033218600     
          17          22   1.3824323629258004     
          19          22  0.10579147738853945     
          21          22   1.4536973341832069     
          14          23  0.13216757883912067     
          16          23   1.4178892349812198     
          14          24   1.2074513748131090     
          23          24   1.2323628565928035     
          24          25   1.0179160716210478     
          25          26   1.3874388360104497     
          26          27   1.4473400584723377     
          25          28  0.10258466500222302     
          27          28   1.4357954129119013     
          26          29  0.10959208974006762     
          28          29   1.4360107484013540     
          25          30   1.3861517531618024     
          27          30  0.10916427258208318     
          29          30   1.4482039570001810     
           1          31  0.97455853932783332     
           1          32  0.97079608463530065     
           1          33  0.98010195987729631     
           3          34  0.98534549441957053     
           3          35  0.97360755218280970     
           3          36  0.97306738919764868     
           4          37  0.96582640437997391     
           5          38  0.96955881469446537     
           5          39  0.97452011301141772     
           6          40  0.97500488465618651     
           6          41  0.96790387873106276     
           8          42  0.98512353868463021     
           8          43  0.96879546403693029     
           8          44  0.97229659785491784     
           9          45  0.96174949881991889     
          10          46  0.95303207157178382     
          10          47  0.95036145324178523     
          15          48  0.97064610488988046     
          18          49  0.96748502230248346     
          19          50  0.97080406933990304     
          20          51  0.97166425122067013     
          21          52  0.97115583749761925     
          22          53  0.96828946199543520     
          26          54  0.96805651849504559     
          27          55  0.97004178116349415     
          28          56  0.97087775614995064     
          29          57  0.97003817819396854     
          30          58  0.96678333820324946     
