           1           2   1.0127657790851268     
           2           3  0.93568583504169478     
           3           4   1.1441734212776071     
           3           5  0.17337991525519916     
           4           5   1.7523285290629813     
           4           6  0.96558500997463670     
           6           7   1.0091135215022708     
           7           8  0.96601915512065517     
           8           9   1.7519194124899231     
           8          10   1.1447242972811036     
           9          10  0.17369154072255449     
          10          11  0.93361763292755673     
          11          12   1.0199112997701476     
           1          13  0.98360927115870167     
           1          14  0.98496190271768236     
           1          15  0.98629005316893692     
           2          16  0.97222291859416854     
           2          17  0.96906920232654881     
           6          18  0.96177678563961400     
           6          19  0.95179982821328357     
           7          20  0.95245865846436795     
           7          21  0.95961054862765682     
          11          22  0.96939262256163783     
          11          23  0.96904320170363833     
          12          24  0.98351619178470251     
          12          25  0.98497349536075141     
          12          26  0.98532499892413927     
