           1           2   1.0036994928786780     
           2           3  0.99947703033038815     
           2           4  0.98669307377576410     
           4           5  0.99410226534939961     
           5           6   1.0020368534575967     
           5           7  0.97673428065759127     
           1           8  0.98735040148752162     
           1           9  0.98615069464565430     
           1          10  0.98441063090756842     
           2          11  0.95823658298817782     
           3          12  0.86907729950770829     
           4          13  0.97277015799244859     
           4          14  0.97426433431005766     
           5          15  0.96127497008992568     
           6          16  0.98566099370992122     
           6          17  0.98466811046502012     
           6          18  0.98517948855354165     
           7          19  0.89673860649161752     
