           1           2   1.0190707133374781     
           2           3   1.0092318139762604     
           3           4  0.96941906594323768     
           4           5  0.96343426813322142     
           5           6   1.0147147170625423     
           5           7   1.8739845775827124     
           4           8  0.94337778515663795     
           8           9   1.7489366677340177     
           8          10   1.1462108609047299     
           9          10  0.17416191620757918     
          10          11  0.93246754341850568     
          11          12   1.0199437718302049     
           1          13  0.98789843459758919     
           1          14  0.98732994530367924     
           1          15  0.98708007671739018     
           2          16  0.97672741009938169     
           2          17  0.97616334099593205     
           3          18  0.97094607124703058     
           3          19  0.97652014578653712     
           4          20  0.93135858694569229     
           6          21  0.96935099736123798     
           6          22  0.98048865575567534     
           6          23  0.94105139764792123     
          11          24  0.96891315618309004     
          11          25  0.96904920216785806     
          12          26  0.98509745874830534     
          12          27  0.98306048119918543     
          12          28  0.98500212320931013     
