           1           2   1.0072611467713062     
           2           3  0.99842944481054630     
           3           4  0.99039120755443388     
           4           5   1.0038598794180651     
           5           6   1.8266210698834122     
           6           7   1.0144713628741375     
           5           8   1.0063529448138198     
           2           9  0.99824001550219588     
           8           9  0.99167626181266699     
           1          10  0.98647745510482310     
           1          11  0.98678117817599009     
           1          12  0.98643508440496441     
           2          13  0.96782602052888000     
           3          14  0.97727995611555118     
           3          15  0.97591890831786154     
           4          16  0.95714249960638609     
           4          17  0.97151125498845192     
           7          18  0.89772395313521869     
           8          19  0.95885577199725791     
           8          20  0.97376180824418523     
           9          21  0.97696220650841736     
           9          22  0.97560765110206715     
