           1           2   1.0549477643194984     
           2           3   1.8529057362162202     
           3           4   1.0276720137017916     
           4           5   1.7104237167413698     
           4           6   1.1170205095568528     
           5           6  0.16884092232612252     
           6           7  0.94301465380498328     
           7           8   1.0059319909428943     
           8           9   1.0072046001884514     
           9          10   1.0080535102411641     
          10          11   1.0193217366149048     
           1          12  0.96139477650932603     
           1          13  0.98408890042381991     
           1          14  0.96108358783334558     
           2          15  0.96051943865885847     
           3          16  0.96376591708155845     
           7          17  0.96749761316613925     
           7          18  0.96698997576320112     
           8          19  0.97484644435138901     
           8          20  0.97449587421280848     
           9          21  0.97624436659907299     
           9          22  0.97701587059781203     
          10          23  0.97843229947364052     
          10          24  0.97846642290498809     
          11          25  0.98739838199241059     
          11          26  0.98789273819712742     
          11          27  0.98788939637996720     
