           1           2   1.0030296199639301     
           2           3   1.0079981154060291     
           2           4  0.90657437231845084     
           4           5   1.1720124181018969     
           4           6  0.17505298640768469     
           5           6   1.7263904566034909     
           5           7  0.93998556296161839     
           7           8  0.97284896922900266     
           7           9   1.0126893390847453     
           1          10  0.98305467500741228     
           1          11  0.98415592298208276     
           1          12  0.98514309866800676     
           2          13  0.96129723509344467     
           3          14  0.98407316618379770     
           3          15  0.98462501567511329     
           3          16  0.98302973008493688     
           7          17  0.94922185379094071     
           8          18  0.98542380540962182     
           8          19  0.98657045524744258     
           8          20  0.98188771825874199     
           9          21  0.87101358405336338     
