           1           2   1.0198163355348178     
           2           3  0.99651524291935722     
           3           4  0.99558519170032089     
           4           5   1.0203047584834568     
           3           6  0.97780398539243207     
           6           7  0.99879397552166360     
           6           8  0.98439973447628870     
           8           9  0.98761807238968602     
           9          10   1.0015594024963212     
           9          11  0.98058515191118323     
           1          12  0.98391500329515813     
           1          13  0.98765369896277355     
           1          14  0.98726589127872910     
           2          15  0.97304474618994996     
           2          16  0.97654087119719246     
           3          17  0.96599978880698478     
           4          18  0.97594166387152403     
           4          19  0.97288140442388582     
           5          20  0.98453569617810033     
           5          21  0.98758584535539340     
           5          22  0.98705098987326800     
           6          23  0.95420078236729577     
           7          24  0.86684763293656353     
           8          25  0.97397539814780942     
           8          26  0.96970710404369942     
           9          27  0.96238244890773395     
          10          28  0.98543297612456826     
          10          29  0.98508235156792878     
          10          30  0.98514757600405733     
          11          31  0.89617099952905943     
