           1           2   1.0087523475832638     
           2           3   1.0099825108427609     
           2           4  0.99452513305847701     
           4           5  0.98610505489377942     
           5           6   1.8672525648595650     
           5           7  0.98610510441421206     
           7           8  0.99452519082979729     
           8           9   1.0099825127129451     
           8          10   1.0087523460795356     
           1          11  0.98614303602451148     
           1          12  0.98670023877008628     
           1          13  0.98688945625257174     
           2          14  0.96641413833220269     
           3          15  0.98559716206232029     
           3          16  0.98675727278860070     
           3          17  0.98654719167239424     
           4          18  0.96048678008184596     
           4          19  0.94460287027334233     
           7          20  0.94460295033324615     
           7          21  0.96048658609587967     
           8          22  0.96641413727394743     
           9          23  0.98559715365228329     
           9          24  0.98675727186415918     
           9          25  0.98654719452491213     
          10          26  0.98614303784117285     
          10          27  0.98670023711220423     
          10          28  0.98688946006411382     
