           1           2   1.0064533411844983     
           2           3  0.99205208588129723     
           3           4  0.98176103402503012     
           4           5   1.0090316335104028     
           3           6   1.2448343928836052     
           3           7  0.19912669388502902     
           6           7   1.6678863716803483     
           6           8  0.95483095771439641     
           8           9   1.4037972537898711     
           9          10   1.4445104057318006     
           8          11  0.11115191262538432     
          10          11   1.4372482733376435     
           9          12  0.11203783202716129     
          11          12   1.4409251709509290     
           8          13   1.4105320560212988     
          10          13  0.11135220316072098     
          12          13   1.4405610532959403     
           1          14  0.98490688091882039     
           1          15  0.98559417824553286     
           1          16  0.98497083245300487     
           2          17  0.97062715571129221     
           2          18  0.96636522428361438     
           4          19  0.96567545494234697     
           4          20  0.97136936780063132     
           5          21  0.98451102248222566     
           5          22  0.98580522827530315     
           5          23  0.98680007591096730     
           9          24  0.97027913248242270     
          10          25  0.97044304217513921     
          11          26  0.97130728830287860     
          12          27  0.97045205951696367     
          13          28  0.96955423281071795     
