           1           2   1.0179386562573243     
           2           3   1.0022340168324821     
           3           4  0.97714430972498956     
           4           5  0.92662169322174570     
           5           6   1.4805471381771571     
           5           7   1.4805471405862487     
           6           7  0.37540728987190164     
           1           8  0.98730592631855274     
           1           9  0.98574753873764187     
           1          10  0.98730593300182767     
           2          11  0.97793553294906643     
           2          12  0.97793553839449032     
           3          13  0.97503410184382355     
           3          14  0.97503410822945003     
           4          15  0.96711840485969458     
           4          16  0.96711839326989202     
