           1           2   1.9343315122025875     
           2           3   1.0279008857150920     
           2           4  0.99958564253349891     
           4           5  0.93078132905856859     
           5           6   1.1358712956154331     
           5           7  0.17422847591222279     
           6           7   1.7275149097442162     
           6           8  0.98433047129090989     
           8           9   1.7908231807562596     
           8          10   1.0933339806892375     
          10          11   1.5128353373564236     
          11          12   1.3159437284773643     
          10          13  0.12981628853713684     
          12          13   1.5842475036151673     
          10          14   1.0983503093934690     
          13          14   1.1474237370838669     
           1          15  0.97458197206961095     
           1          16  0.97482839421099543     
           3          17  0.96840513075571355     
           3          18  0.96905129405161294     
           3          19  0.98460373989692251     
           4          20  0.96580011396912790     
           4          21  0.95681180007244415     
           9          22  0.97350977458331789     
           9          23  0.97413170947247318     
          11          24  0.96951681011122759     
          12          25  0.97438254872527053     
          13          26  0.96607654674682564     
