           1           2   1.0089472075728920     
           2           3   1.0099062713383495     
           2           4  0.99252910237904290     
           4           5  0.99323228793819873     
           5           6   1.8448347085888588     
           5           7  0.99262721812662913     
           7           8  0.97815789642649942     
           8           9   1.0035442103757319     
           8          10  0.97737077476456835     
          10          11   1.0083881506524510     
          10          12   1.0100282735688724     
           1          13  0.98659050357539346     
           1          14  0.98677563938307400     
           1          15  0.98593456193464779     
           2          16  0.96617465483750098     
           3          17  0.98663034707841191     
           3          18  0.98632951136166869     
           3          19  0.98588851047140713     
           4          20  0.93920890492730669     
           4          21  0.96139513475051797     
           7          22  0.93822518098198615     
           7          23  0.96176662195782836     
           8          24  0.95969469588307899     
           9          25  0.87329184947801120     
          10          26  0.96935337915586939     
          11          27  0.98671471107123021     
          11          28  0.98484043347646721     
          11          29  0.98626699006276353     
          12          30  0.98572447546339037     
          12          31  0.98526642643185447     
          12          32  0.98415212994123125     
