           1           2   2.9026546857280016     
           2           3   1.0393976155221751     
           3           4  0.93254053160506500     
           4           5   1.1116677674489477     
           4           6  0.17256494014112039     
           5           6   1.7172897093658124     
           5           7   1.0336262635552602     
           7           8   2.7452691831280505     
           8           9   1.0676976206281390     
           9          10  0.98087746269552578     
          10          11   1.0093141621643886     
          11          12   1.0192919125778439     
           1          13  0.96876889946632683     
           3          14  0.94991787632224223     
           3          15  0.94325129048941103     
           9          16  0.94398750420440258     
           9          17  0.94864788762163044     
          10          18  0.97759278663850135     
          10          19  0.97613674415680829     
          11          20  0.97655568520427982     
          11          21  0.97823881152885839     
          12          22  0.98773864188392480     
          12          23  0.98775241549064718     
          12          24  0.98712770516681914     
