   -0.10443901
   -0.05521633
   -0.06560301
   -0.00759123
   -0.10407809
    0.00081114
   -0.09638348
    0.35740417
   -0.41854156
   -0.26062641
    0.08104479
   -0.11651114
    0.26799211
   -0.13725472
   -0.44781055
    0.03529059
    0.03481160
    0.03884569
    0.03898568
    0.03389337
    0.03887489
    0.04043287
    0.05181109
    0.04666588
    0.06863742
    0.07552032
    0.06813800
    0.07993137
    0.05100489
    0.05704907
    0.06152967
    0.05730426
    0.05371300
    0.05411301
    0.05158080
    0.06866987
