           1           2   1.0185591287041242     
           2           3   1.0090325804212494     
           3           4  0.99214207280384759     
           4           5  0.99283409733581895     
           5           6  0.98960816898087189     
           6           7  0.98652401038157622     
           7           8  0.96858120040755213     
           8           9   1.7425691725100916     
           8          10   1.1487886655090358     
           9          10  0.17552692163442823     
          10          11  0.93281783490482684     
          11          12   1.0191956235074731     
           5          13   1.2337909441591313     
          13          14  0.98351112190880663     
           5          15  0.18980323971121296     
          13          15   1.6757430750065399     
           1          16  0.98787066477474661     
           1          17  0.98775267477591711     
           1          18  0.98704530686045244     
           2          19  0.97710247529973770     
           2          20  0.97716241986807795     
           3          21  0.97257936814380663     
           3          22  0.97434923843090071     
           4          23  0.97009199472641250     
           4          24  0.96625045914466390     
           6          25  0.96612642481355848     
           6          26  0.96639073914459495     
           7          27  0.94759155226486846     
           7          28  0.96952117995974085     
          11          29  0.96847877975216634     
          11          30  0.96864517111843362     
          12          31  0.98478612051255732     
          12          32  0.98555344577680537     
          12          33  0.98328568754685564     
          14          34  0.96970407321946728     
          14          35  0.96603448336029296     
          14          36  0.98324920722688991     
