           1           2   1.0185939351488957     
           2           3  0.98234197360491526     
           3           4   1.0190401840930206     
           4           5   1.0345728783160861     
           4           6   1.7332200071570572     
           6           7  0.99807275272198703     
           6           8   1.1081640027754551     
           4           9  0.11486846827046161     
           8           9   2.7771419051722406     
           1          10  0.98610939907294082     
           1          11  0.98762700483424770     
           1          12  0.98761257479858211     
           2          13  0.97785927580242826     
           2          14  0.97776827837372182     
           3          15  0.97095529074159548     
           3          16  0.96829606694718440     
           5          17  0.96482894511984263     
           5          18  0.97970941330001537     
           5          19  0.96599279597802057     
           7          20  0.97353032322260291     
           7          21  0.98550012613179039     
           7          22  0.96985819798567252     
