           1           2   1.7588570345309014     
           2           3  0.96961883921119552     
           3           4   1.0091004321464065     
           4           5   1.0082195353382284     
           5           6   1.0052513344819445     
           1           7  0.16335940624331041     
           2           7   1.1299088576820819     
           6           7  0.94790644571390203     
           3           8  0.94872378352313358     
           3           9  0.96331899822673495     
           4          10  0.97635460635949967     
           4          11  0.97700862206502304     
           5          12  0.97412597633040865     
           5          13  0.97538725505592849     
           6          14  0.96588003672148359     
           6          15  0.96881814961142743     
