           1           2   1.0143765690006810     
           2           3  0.97950411629474421     
           3           4  0.99669193082475949     
           3           5  0.98430102835941435     
           5           6  0.99225364021409057     
           1           7  0.88449749555272694     
           2           8  0.96691111505138061     
           2           9  0.97268959220532336     
           3          10  0.95943954948639898     
           4          11  0.88184652188850732     
           5          12  0.97165351339753925     
           5          13  0.96862254874439058     
           6          14  0.90003511062362795     
