           1           2   1.9260033705868480     
           2           3   1.0245429493171934     
           2           4   1.0130756115863608     
           4           5  0.97949706622005950     
           5           6  0.99796541352323354     
           6           7   1.0084830551605566     
           7           8   1.0089729768749767     
           8           9   1.0079795457173777     
           5          10  0.98084916756074270     
           9          10  0.98797271181649893     
          10          11  0.98271171187562378     
           1          12  0.97596849547333209     
           1          13  0.97612749690435474     
           3          14  0.96774445915949037     
           3          15  0.98477058209526214     
           3          16  0.97545507378584173     
           4          17  0.97413439510263666     
           4          18  0.96007612930642017     
           5          19  0.96348169946017892     
           6          20  0.97461540280059922     
           6          21  0.97586703530007424     
           7          22  0.97744691878677625     
           7          23  0.97708745422938470     
           8          24  0.97727939807461839     
           8          25  0.97747285624359725     
           9          26  0.97604495743687347     
           9          27  0.97551145084399682     
          10          28  0.96019905976850461     
          11          29  0.90232420826621484     
