   -0.10372547
   -0.02230750
   -0.05969039
   -0.05914617
   -0.03557215
    0.01999072
   -0.10722189
   -0.10470172
   -0.03490435
   -0.06446571
    0.00630871
   -0.06103605
   -0.06507195
    0.14331732
   -0.11750745
   -0.45400894
    0.03545392
    0.03258399
    0.03392436
    0.02773667
    0.03005071
    0.02516592
    0.02479620
    0.03567795
    0.03722549
    0.03259045
    0.02942746
    0.05176781
    0.03177857
    0.03626945
    0.03033873
    0.01724072
    0.02979117
    0.03008661
    0.03382633
    0.03033400
    0.04965732
    0.03867052
    0.02783997
    0.03872939
    0.04528603
    0.28349326
