           1           2   1.0125121485631263     
           2           3  0.99436119056946459     
           3           4   1.0056951723563647     
           4           5  0.99762325358987403     
           5           6  0.97145908842305972     
           6           7   1.0025046066541285     
           6           8  0.99858476546020225     
           6           9  0.96685232226576823     
           9          10  0.99561929720892040     
           2          11  0.97000944191889160     
           5          11  0.96685074572376306     
          10          11  0.98804923790355137     
          11          12  0.99158999330171849     
          12          13   1.0050422335672724     
           9          14  0.96582664359247294     
          13          14  0.98309039550636135     
          14          15  0.98743756708713415     
          14          16  0.97247823065290129     
           1          17  0.98455778282730355     
           1          18  0.98557451290451858     
           1          19  0.98560346023126566     
           2          20  0.96769771491430134     
           3          21  0.97810863809215487     
           3          22  0.97923147511384157     
           4          23  0.97958623262053635     
           4          24  0.97450569834632772     
           5          25  0.96664703175348432     
           7          26  0.98485482731970264     
           7          27  0.98463124379936207     
           7          28  0.97699543058659466     
           8          29  0.97938224713184274     
           8          30  0.98429677185274522     
           8          31  0.98431386580475233     
           9          32  0.96599928749801101     
          10          33  0.97157013896750499     
          10          34  0.96932712939003285     
          12          35  0.97374711694663540     
          12          36  0.97429707748309791     
          13          37  0.96741627939202002     
          13          38  0.97532845607584018     
          15          39  0.98569366246219103     
          15          40  0.98123702757609244     
          15          41  0.98444467120356183     
          16          42  0.90046816837854604     
