           1           2   1.0126145322102607     
           2           3   1.8687434352862615     
           2           4  0.97667379707507040     
           4           5   1.0034404017268737     
           5           6  0.98020049934427611     
           6           7   1.7627225476662338     
           6           8   1.1345058986471084     
           7           8  0.17087848436038147     
           1           9  0.96749499303841791     
           1          10  0.94810815492780953     
           1          11  0.98174259333387459     
           4          12  0.94943849958386173     
           4          13  0.97212650997492656     
           5          14  0.94651862682878185     
           5          15  0.95280430058318599     
           8          16  0.86512848794384567     
