   -0.15430488
    0.13820959
   -0.07170551
   -0.01793845
   -0.06002961
   -0.07130512
    0.11491504
   -0.11532780
   -0.21139551
    0.35721169
   -0.39477773
   -0.01905841
   -0.01805610
   -0.02492185
   -0.02222044
   -0.02689666
   -0.02289800
   -0.02733128
   -0.05373069
   -0.05271642
   -0.05827105
   -0.05338964
   -0.10011706
   -0.27343404
    0.08744478
   -0.06943516
    0.00688660
   -0.11231427
   -0.06240097
   -0.05283284
   -0.05734452
    0.00537715
   -0.10696898
   -0.10901013
    0.03022232
    0.03189660
    0.04581005
    0.05830038
    0.03433851
    0.04650470
    0.04191646
    0.06497798
    0.06804506
    0.06258025
    0.04180576
    0.03970067
    0.03895292
    0.04925883
    0.04253166
    0.03787291
    0.03672322
    0.03007163
    0.03432613
    0.02812826
    0.02884194
    0.02961607
    0.03493932
    0.03095516
    0.02975962
    0.03280714
    0.03279548
    0.02899331
    0.04933374
    0.04401378
    0.05355048
    0.03736013
    0.03576892
    0.04373858
    0.03480905
    0.03469706
    0.02453969
    0.04119812
    0.03989827
    0.04047532
    0.03554728
    0.04163286
    0.04085268
