           1           2   1.8271091446842753     
           2           3  0.99443184488231562     
           3           4  0.98387191362180260     
           4           5  0.99528280612856679     
           5           6   1.0044474442315143     
           6           7   1.0043563672623768     
           7           8   1.8343972962988215     
           8           9  0.95257509471267132     
           9          10   1.0944332506869454     
           9          11  0.16494083033427220     
          10          11   1.7459482719892943     
          10          12  0.99126323917099657     
          12          13   1.3876673858300024     
          13          14   1.4526476848228145     
          12          15  0.10379001172700522     
          14          15   1.4342472093361411     
          13          16  0.10787312966835461     
          15          16   1.4329157875950995     
          12          17   1.3903945339807700     
          14          17  0.10831202798408385     
          16          17   1.4533985565914223     
           4          18  0.97344807500755726     
           7          18  0.98637286455681394     
          18          19  0.97087111320552200     
          19          20   1.0065777998982977     
          20          21   1.0070248629712559     
          21          22   1.0068009320565399     
          22          23   1.0201879670770977     
           1          24  0.12759783008905745     
           2          24   1.0658452892565418     
          24          25  0.96868993802939585     
          25          26   1.0136136800353637     
          26          27   1.8827005271703197     
          27          28   1.0244334097516199     
          27          29   1.0132704711415554     
          29          30  0.96710948693360932     
          30          31   1.0244709646484416     
          31          32   1.8802289100486440     
          32          33   1.0243142859834236     
          32          34   1.0219408011949984     
           1          35  0.97329461640516446     
           1          36  0.97729123872872026     
           3          37  0.97094997805240657     
           3          38  0.96888919160504683     
           4          39  0.96886462330140333     
           5          40  0.97625352782537211     
           5          41  0.97945937621969881     
           6          42  0.95689893586095920     
           6          43  0.95676621933766859     
          13          44  0.96542240590689143     
          14          45  0.96996550505505019     
          15          46  0.97094764521602184     
          16          47  0.97043670047701580     
          17          48  0.96708579997873678     
          18          49  0.95979093131775228     
          19          50  0.97144210197134717     
          19          51  0.97589563297169790     
          20          52  0.97424368422243168     
          20          53  0.97564479008673544     
          21          54  0.97798851651772856     
          21          55  0.97717195598368023     
          22          56  0.97866030152114447     
          22          57  0.97782192324424511     
          23          58  0.98751470514597139     
          23          59  0.98460772453844581     
          23          60  0.98773665355345441     
          25          61  0.95570057590881696     
          25          62  0.95089597379378055     
          26          63  0.96189203398504730     
          28          64  0.96635243241009583     
          28          65  0.97836720034479252     
          28          66  0.97937448526062076     
          29          67  0.97295321566909920     
          29          68  0.97238977683431216     
          30          69  0.96603062389956751     
          30          70  0.97688172059756717     
          31          71  0.96592952284432965     
          33          72  0.97958456978789044     
          33          73  0.97678617449866711     
          33          74  0.96958154966818355     
          34          75  0.98531949453821510     
          34          76  0.97256009065387505     
          34          77  0.97448657056016186     
