           1           2   1.0192537401955162     
           2           3   1.0077469941960153     
           3           4   1.0075255492178137     
           4           5   1.0073125387909705     
           5           6  0.96911065266941410     
           6           7   1.7520396001252809     
           6           8   1.1364277018379307     
           7           8  0.17217853065778790     
           8           9  0.91817804185110563     
           9          10   1.0026233493082131     
           9          11   1.0073501923109893     
           1          12  0.98740696243510917     
           1          13  0.98793759191110953     
           1          14  0.98794379454593884     
           2          15  0.97842786579864283     
           2          16  0.97840933063202395     
           3          17  0.97726345962759931     
           3          18  0.97721498892516023     
           4          19  0.97607883812780671     
           4          20  0.97605476199916996     
           5          21  0.95553257649495671     
           5          22  0.95474950002964509     
           9          23  0.96100618802001903     
          10          24  0.98391413873091604     
          10          25  0.98555901857677786     
          10          26  0.98428398651676841     
          11          27  0.98514685545771863     
          11          28  0.98383504731154370     
          11          29  0.98447391098124926     
