   -0.11553003
    0.08533607
   -0.27296331
    0.35651641
   -0.41539561
   -0.09146034
   -0.04974480
   -0.08508195
    0.26630773
   -0.44696939
   -0.11794262
    0.05267820
   -0.11482193
   -0.11439954
    0.03732294
   -0.11343657
   -0.11320819
    0.05120267
    0.05682685
    0.05903143
    0.05022579
    0.04850225
    0.05930255
    0.09082181
    0.06378104
    0.04740609
    0.04274001
    0.04629698
    0.03738259
    0.03818279
    0.03480368
    0.07040445
    0.06916786
    0.03414669
    0.03828104
    0.04776234
    0.04345187
    0.04569809
    0.04475270
    0.04468575
    0.04566246
    0.04227319
