           1           2   1.0196157980858809     
           2           3  0.93852223882281860     
           3           4   1.1269302678444777     
           3           5  0.16945766730862161     
           4           5   1.7526883114054974     
           4           6  0.97509438644074797     
           6           7   1.0090383664792504     
           7           8   1.0071683160981826     
           8           9  0.96234678108123095     
           9          10   1.6664664268718203     
           9          11   1.2502918999303112     
          10          11  0.19001821363135016     
          11          12  0.96063425538478375     
          12          13   1.0020696360479140     
          12          14   1.0020827683832831     
          11          15  0.98017668511837908     
          15          16  0.99877567673024448     
          15          17  0.99874478571279635     
           1          18  0.98393461314111486     
           1          19  0.98552970498789882     
           1          20  0.98524306740555900     
           2          21  0.96936684948090557     
           2          22  0.96948486534415967     
           6          23  0.95180922563504877     
           6          24  0.94913195455066379     
           7          25  0.97399234022181058     
           7          26  0.97540973747905735     
           8          27  0.96073049816714629     
           8          28  0.96031378233462383     
          12          29  0.96042684650839694     
          13          30  0.98476899667604201     
          13          31  0.98622884198502514     
          13          32  0.98003812774436272     
          14          33  0.98025400369323490     
          14          34  0.98637243896840454     
          14          35  0.98482747761080891     
          15          36  0.95676540352249506     
          16          37  0.98581264576481331     
          16          38  0.98221523424958845     
          16          39  0.98456258898803695     
          17          40  0.98462191331606452     
          17          41  0.98224515927818867     
          17          42  0.98598264003393588     
