           1           2   1.0191362437531877     
           2           3   1.0077114250255286     
           3           4   1.0069658497131049     
           4           5   1.0064810169390965     
           5           6   1.0056215528560652     
           6           7   1.0045052460353068     
           7           8  0.97728863856818027     
           8           9  0.98474153642875628     
           9          10   1.0044282262688939     
           9          11   1.8703023041557867     
           1          12  0.98798898606126984     
           1          13  0.98795712431714855     
           1          14  0.98748129445107857     
           2          15  0.97863861143181474     
           2          16  0.97859907917665578     
           3          17  0.97743199065183628     
           3          18  0.97748713608261617     
           4          19  0.97749410272028736     
           4          20  0.97745181269758996     
           5          21  0.97740882578857269     
           5          22  0.97732088323973842     
           6          23  0.97725210276799901     
           6          24  0.97714867431754193     
           7          25  0.97740269318916806     
           7          26  0.97669033739524003     
           8          27  0.96897988855912853     
           8          28  0.97235607850008698     
          10          29  0.95655254892428465     
          10          30  0.96682117620660035     
          10          31  0.98271860903973518     
