           1           2   1.0190929100597279     
           2           3   1.0021666484106906     
           3           4  0.95960343961103001     
           4           5   1.0974724753404921     
           5           6   1.3218406795918736     
           6           7   1.5055520039101078     
           7           8   1.3432240012054235     
           8           9   1.0782249351963926     
           9          10   1.8494534204796329     
           8          11   1.3638784540930475     
           5          12   1.3489124212786092     
          11          12   1.4741502401698392     
           1          13  0.98731803005367647     
           1          14  0.98731790172908251     
           1          15  0.98631177925485358     
           2          16  0.97653248579528196     
           2          17  0.97653247596935722     
           3          18  0.96721391262453527     
           3          19  0.96721524074580623     
           6          20  0.96698414381515829     
           7          21  0.96664513786088158     
           9          22  0.93069766476174298     
          11          23  0.96540230057633802     
          12          24  0.96509421679080210     
