   -0.35896943
    0.24130551
   -0.08332756
   -0.05170517
   -0.05865352
   -0.06207074
   -0.05737733
   -0.05721620
   -0.05706581
   -0.05803092
   -0.06125687
   -0.04880365
   -0.08828264
    0.04833041
    0.05885083
    0.03072834
    0.04578790
    0.02823433
    0.04157439
    0.02426916
    0.04083307
    0.03468870
    0.02542363
    0.02832784
    0.02684508
    0.03039476
    0.02685349
    0.03457123
    0.02690188
    0.04858391
    0.03219423
    0.03470652
    0.03080513
    0.05689835
    0.04565112
