           1           2   1.8675442392830981     
           2           3  0.99023559724075594     
           3           4  0.99950352504342022     
           4           5   1.0071334893481763     
           5           6   1.0074734537423959     
           6           7   1.0068887891203839     
           7           8   1.0066932213280155     
           8           9   1.0070962927468710     
           9          10   1.0063443555171381     
          10          11   1.0065624385361436     
          11          12   1.0089925829055453     
           2          13  0.98324420842776716     
          12          13  0.98414734210656651     
           3          14  0.96277518108298799     
           3          15  0.94125650804764793     
           4          16  0.97774706010482948     
           4          17  0.97712889338894959     
           5          18  0.97815373730540933     
           5          19  0.97190049249828003     
           6          20  0.97991066217530409     
           6          21  0.96455126827640747     
           7          22  0.97055817540852607     
           7          23  0.97821002538889101     
           8          24  0.97764461150266269     
           8          25  0.97805793046712608     
           9          26  0.96879970730379328     
           9          27  0.97747681693315280     
          10          28  0.97628205682152736     
          10          29  0.97829739678649030     
          11          30  0.96576647816036520     
          11          31  0.97669672297595411     
          12          32  0.97600971465733921     
          12          33  0.96761670861128612     
          13          34  0.97430428411503400     
          13          35  0.96104880285015937     
