           1           2   1.0210844618406594     
           2           3  0.99760358517594272     
           3           4  0.97012681902529374     
           4           5   1.6843590124226131     
           4           6   1.2115778292666237     
           5           6  0.18069944764226559     
           6           7  0.98439903901553749     
           6           8   1.0200609885893701     
           8           9   1.3864155307885846     
           9          10   1.4493885139137002     
           8          11  0.10484835573307351     
          10          11   1.4347958372453615     
           9          12  0.10934290288414966     
          11          12   1.4372508281821916     
           8          13   1.3934531796717082     
          10          13  0.10909426907439820     
          12          13   1.4468753882635232     
           1          14  0.98708392018368385     
           1          15  0.98773081758378445     
           1          16  0.98727505097191259     
           2          17  0.97841691500363093     
           2          18  0.97500645765545979     
           3          19  0.97085251657812854     
           3          20  0.95710940242242259     
           7          21  0.98090821636307957     
           7          22  0.97065143669573239     
           7          23  0.97586661924673268     
           9          24  0.96867350063160274     
          10          25  0.97034122123113820     
          11          26  0.97110252657075669     
          12          27  0.97051236261428775     
          13          28  0.96783032519659629     
