           1           2   1.0034146505734862     
           2           3  0.97791154130235258     
           3           4   1.0106896153046858     
           4           5   1.4194250485366864     
           5           6   1.4347837046079261     
           4           7  0.10611436523476113     
           6           7   1.4465787610283014     
           5           8  0.10455970590661921     
           7           8   1.4082390895858483     
           4           9   1.3804353967196656     
           6           9  0.10333311598824517     
           8           9   1.3947005748662269     
           9          10   1.0099964674191968     
          10          11   1.0069723620252622     
          11          12   1.0093029906424622     
           8          13   1.0098422055032856     
          12          13   1.0077367992932011     
           1          14  0.89514210427711005     
           2          15  0.97281389940135199     
           2          16  0.97076212270658879     
           3          17  0.97019788098041759     
           3          18  0.97156081601252586     
           5          19  0.96899247713213232     
           6          20  0.97090604250061618     
           7          21  0.96954771370553405     
          10          22  0.95888063837654303     
          10          23  0.96220195080996718     
          11          24  0.97792548640638088     
          11          25  0.97791404166370621     
          12          26  0.97781193028503677     
          12          27  0.97787669165879698     
          13          28  0.96927513581443892     
          13          29  0.96006929156294396     
