           1           2   1.0098668718179546     
           2           3   1.0073498598970161     
           2           4  0.97107004715204503     
           4           5  0.99745537893632319     
           4           6  0.95676949553067925     
           6           7  0.99243281306923270     
           6           8  0.90994003635015841     
           8           9   1.4784183456906062     
           8          10   1.4806258125891671     
           9          10  0.37366638954334680     
           1          11  0.98407434012695694     
           1          12  0.98454987010953088     
           1          13  0.98479135079866420     
           2          14  0.96672151683165064     
           3          15  0.98472814344685344     
           3          16  0.98234186411260283     
           3          17  0.98568851768002164     
           4          18  0.95626409021372760     
           5          19  0.88544309666074383     
           6          20  0.95966045145201462     
           7          21  0.98464404066916111     
           7          22  0.98091135568864318     
           7          23  0.97541175558137883     
