           1           2   1.0129488108218234     
           2           3  0.93070379446700291     
           3           4   1.1609299033305720     
           3           5  0.17647565251229763     
           4           5   1.7435622771107413     
           4           6  0.94492631329957610     
           6           7  0.98984069593370050     
           6           8  0.95694469499400359     
           8           9   1.0317708325650783     
           9          10   2.8441653132079718     
           8          11  0.90782425716306225     
          11          12   1.7531842743280937     
          11          13   1.1705730699930339     
          12          13  0.17978913134271388     
          13          14  0.92312598068191343     
          14          15   1.0203943077248419     
           1          16  0.98604656944301050     
           1          17  0.98305331335910418     
           1          18  0.98475242779971872     
           2          19  0.96917505847667651     
           2          20  0.97189359456930946     
           6          21  0.95690009914113583     
           7          22  0.98109790659921514     
           7          23  0.98600269653353245     
           7          24  0.98393960240642131     
           8          25  0.92375530453580046     
          14          26  0.96910817884123923     
          14          27  0.96871791853368938     
          15          28  0.98250711225684517     
          15          29  0.98459846125220474     
          15          30  0.98459338660704154     
