           1           2  0.98073011078672623     
           2           3   1.7033836517660075     
           2           4   1.2278156566270304     
           3           4  0.19169828504219130     
           4           5   1.0066475932388286     
           5           6   1.0057029988206625     
           6           7  0.94649301145254383     
           1           8  0.96984375387607913     
           1           9  0.97187268605055954     
           1          10  0.98333765403123796     
           4          11  0.93858868324473388     
           5          12  0.96699929891082559     
           5          13  0.95444654156238495     
           6          14  0.97758141745145855     
           6          15  0.97694897940300029     
