   -0.10220862
   -0.05295921
   -0.05902439
   -0.05859743
   -0.05810939
   -0.05896395
   -0.05899123
   -0.05875992
   -0.06065956
   -0.07173799
    0.07974240
   -0.44212361
    0.03289974
    0.03328182
    0.03329993
    0.02870219
    0.02866234
    0.02975919
    0.02977947
    0.02895075
    0.02885293
    0.02886657
    0.02912993
    0.02921463
    0.02972851
    0.03005000
    0.03083098
    0.03214788
    0.03305566
    0.03195879
    0.03123077
    0.04422304
    0.03178417
    0.01469942
    0.04624899
    0.28503518
