           1           2   1.0191038995357509     
           2           3   1.0077404246332868     
           3           4   1.0070439112444483     
           4           5   1.0068021525599415     
           5           6   1.0068448964270036     
           6           7   1.0065985832789226     
           7           8   1.0078729360131722     
           8           9   1.0061999106238413     
           9          10   1.0076297289651845     
          10          11  0.99768080578592500     
          11          12  0.99901239407623066     
           1          13  0.98752625128248850     
           1          14  0.98800061406665340     
           1          15  0.98800287418244692     
           2          16  0.97864162274889688     
           2          17  0.97863820222816966     
           3          18  0.97751096539257321     
           3          19  0.97751112840372900     
           4          20  0.97752001039503711     
           4          21  0.97754652925665309     
           5          22  0.97748664792437523     
           5          23  0.97756257671233071     
           6          24  0.97741538454624932     
           6          25  0.97752251032181614     
           7          26  0.97729567718760690     
           7          27  0.97588580844272899     
           8          28  0.97672094947762700     
           8          29  0.97726590708421757     
           9          30  0.97697504587438466     
           9          31  0.97712445720998153     
          10          32  0.97656235339524822     
          10          33  0.97432720232808712     
          11          34  0.97037208015646159     
          11          35  0.97292113303659655     
          12          36  0.90355395774529323     
