           1           2  0.98861768069271849     
           2           3   1.0062086741487326     
           3           4  0.99857799415508330     
           4           5   1.0128302404349463     
           1           6  0.90137351866711035     
           2           7  0.97083468142054308     
           2           8  0.97269786819294879     
           3           9  0.97524148717105330     
           3          10  0.97337438903313567     
           4          11  0.97324725043009663     
           4          12  0.96670491949818182     
           5          13  0.87185572395440758     
