           1           2   1.0200732194242113     
           2           3   1.0069751951874160     
           3           4   1.0079635328424044     
           4           5   1.0066773827625608     
           5           6   1.0072242645090748     
           6           7   1.0072130074463252     
           7           8  0.98782185265361311     
           8           9  0.99844596763521631     
           8          10   1.8739352293452805     
           1          11  0.98768904291109794     
           1          12  0.98758013152830504     
           1          13  0.98630376398342479     
           2          14  0.97867552382794454     
           2          15  0.97828014200966473     
           3          16  0.97745691075218977     
           3          17  0.97744146970469359     
           4          18  0.97716567836888690     
           4          19  0.97561088667936380     
           5          20  0.97745422057630771     
           5          21  0.97729606312878459     
           6          22  0.97617772981337170     
           6          23  0.97620953393029763     
           7          24  0.95256052586837781     
           7          25  0.95252303311070019     
           9          26  0.96454924370800943     
           9          27  0.98363886202612871     
           9          28  0.96458445116316571     
