           1           2   1.9346937146408585     
           2           3   1.0283371759557292     
           2           4  0.99649843441339447     
           4           5  0.97253876168102793     
           5           6  0.99028189916182174     
           6           7  0.99434263468899253     
           7           8  0.98704648971846076     
           8           9  0.97991273246893518     
           9          10  0.99443240357794749     
          10          11   1.4116448921078379     
          11          12   1.4479440415578977     
          10          13  0.11029628171584661     
          12          13   1.4364571203530312     
          11          14  0.11212160483677444     
          13          14   1.4408864706129949     
          10          15   1.4179755438809079     
          12          15  0.11079666453701541     
          14          15   1.4421304771447612     
           1          16  0.97485215789585034     
           1          17  0.97525179325797540     
           3          18  0.98504163763058461     
           3          19  0.96923743942782004     
           3          20  0.96779672163133479     
           4          21  0.95535172904086996     
           4          22  0.96576564737119586     
           6          23  0.96630226093706106     
           6          24  0.96576998968890626     
           7          25  0.96646562558352411     
           7          26  0.96706391128911373     
           9          27  0.95547637167183397     
           9          28  0.96414395546203813     
          11          29  0.96839619523552434     
          12          30  0.97092850577541312     
          13          31  0.97141888218729200     
          14          32  0.97104124902869526     
          15          33  0.96897132634109873     
