           1           2   1.0190465303698490     
           2           3   1.0018205515735457     
           3           4  0.95818138269254238     
           4           5   1.0941140453847207     
           5           6   1.3693593468110379     
           6           7   1.4463407464790707     
           7           8   1.4180633525052051     
           6           9  0.10162854189470667     
           8           9   1.4575003332111180     
           5          10   1.2840917058631285     
           9          10   1.3799704020749011     
          10          11   1.0754368655939994     
          11          12   1.8531701519720609     
           1          13  0.98734731874474790     
           1          14  0.98625286157604597     
           1          15  0.98734738064801153     
           2          16  0.97649010855889085     
           2          17  0.97648987706877277     
           3          18  0.96725889850940627     
           3          19  0.96725893523752715     
           6          20  0.96535180753698424     
           7          21  0.97059606867479165     
           8          22  0.96975782907627828     
           9          23  0.96407215742359675     
          11          24  0.93268459762706568     
