           1           2   1.0192352031783052     
           2           3  0.97105623505953953     
           3           4   1.7747766622246344     
           3           5   1.0941716917963440     
           4           5  0.16135706293997149     
           5           6  0.97195126183491065     
           6           7   1.3978621485400722     
           7           8   1.4385098117635680     
           6           9  0.10248168138128502     
           8           9   1.4431367928800864     
           7          10  0.11005666536633885     
           9          10   1.4330121220514616     
           6          11   1.3852586594699325     
           8          11  0.11141672928469393     
          10          11   1.4504466310838491     
           1          12  0.98677863994964909     
           1          13  0.98554012763659538     
           1          14  0.98701939536158223     
           2          15  0.96072039801968556     
           2          16  0.95024745512107023     
           7          17  0.96636855864641802     
           8          18  0.97026919148641533     
           9          19  0.97071772248981902     
          10          20  0.97026820591619034     
          11          21  0.96805527431316940     
