           1           2   1.0191428547054764     
           2           3   1.0077081122515228     
           3           4   1.0070780307179863     
           4           5   1.0067658960020236     
           5           6   1.0072594617726092     
           6           7  0.98816062276154815     
           7           8  0.98204106874601005     
           7           9  0.96658981854460557     
           9          10   1.0042287925016691     
           9          11   1.8734680198519746     
           1          12  0.98797417720092207     
           1          13  0.98751521338837001     
           1          14  0.98803168074669501     
           2          15  0.97865743740711131     
           2          16  0.97855426895793407     
           3          17  0.97759070093609790     
           3          18  0.97744766907517278     
           4          19  0.97736330804803118     
           4          20  0.97732392065598062     
           5          21  0.97726728269118590     
           5          22  0.97679309034579220     
           6          23  0.97516618302700908     
           6          24  0.97392063615864588     
           7          25  0.96690502804837219     
           8          26  0.98641242977645849     
           8          27  0.98634897084045692     
           8          28  0.98264602414232904     
          10          29  0.95738248353385647     
          10          30  0.96646010096201951     
          10          31  0.98290375873999591     
