           1           2   1.0075802094603039     
           2           3  0.99250074621925255     
           3           4   1.0020666433895509     
           4           5   1.0033438150294822     
           5           6  0.99055278376309275     
           2           7  0.99169374163681601     
           6           7  0.99081293470092058     
           5           8  0.96526442083755415     
           7           8  0.96444282601679132     
           8           9   1.0042913951706349     
           8          10   1.0018002624177842     
           1          11  0.98564161896036007     
           1          12  0.98659730418946978     
           1          13  0.98672937272735206     
           2          14  0.96618051513026593     
           3          15  0.97956095648980224     
           3          16  0.98154827262814348     
           4          17  0.97786187664198554     
           4          18  0.97527526149353116     
           5          19  0.97066807850205039     
           6          20  0.97694093249821512     
           6          21  0.97626616187920989     
           7          22  0.96955127022199283     
           9          23  0.98350545909847498     
           9          24  0.98330970496211600     
           9          25  0.97926765536133598     
          10          26  0.98291686741683892     
          10          27  0.98469579988915257     
          10          28  0.98461111982127170     
