   -0.10475338
   -0.06588222
   -0.00550238
   -0.10217065
   -0.00225364
   -0.05764655
   -0.10534302
    0.26720855
   -0.45528941
   -0.08410107
   -0.08491565
    0.36308205
   -0.42562132
   -0.26220620
    0.08486291
   -0.11621688
    0.03457392
    0.04302719
    0.03413485
    0.06242807
    0.03758231
    0.04456429
    0.04872341
    0.07391694
    0.04073172
    0.04567630
    0.03007683
    0.04168677
    0.03944590
    0.03466513
    0.05301706
    0.06484541
    0.06343789
    0.09113401
    0.05497529
    0.04661865
    0.05195318
    0.05818226
    0.06135149
