           1           2   1.0189627698994790     
           2           3  0.99203407977564373     
           3           4  0.99068861462028468     
           4           5  0.98151442722184012     
           5           6  0.99622418419154335     
           6           7   1.0186337876761300     
           4           8   1.2575984982203574     
           4           9  0.19239112149577986     
           8           9   1.6620601278834590     
           8          10  0.96100959467707103     
          10          11   1.0059052627315175     
          11          12  0.97033523183268144     
          12          13   1.7381259178036230     
          12          14   1.1475215561659056     
          13          14  0.17126833060684382     
          14          15  0.93509248746793228     
          15          16   1.0195828067544204     
           1          17  0.98759560495708598     
           1          18  0.98636650232596179     
           1          19  0.98774676408774731     
           2          20  0.97043445534637196     
           2          21  0.97693051782202645     
           3          22  0.96809155935919988     
           3          23  0.96963096537514859     
           5          24  0.96496198479008088     
           5          25  0.97032838422154499     
           6          26  0.97773755021336917     
           6          27  0.97667226607034929     
           7          28  0.98739395151071474     
           7          29  0.98680277852723919     
           7          30  0.98767443444065828     
          10          31  0.95853308380928348     
          10          32  0.96527798085267447     
          11          33  0.95161132594530340     
          11          34  0.95649002858261378     
          15          35  0.96906345495425705     
          15          36  0.96933413023633663     
          16          37  0.98370786237197572     
          16          38  0.98528443899589846     
          16          39  0.98500010132863824     
