           1           2  0.98117410835113272     
           2           3   1.0031205129871896     
           2           4  0.96958477639372809     
           4           5   1.8762637033984149     
           4           6  0.96694765967439789     
           6           7  0.98784914891270925     
           7           8   1.4126979316215000     
           8           9   1.4403791963183670     
           7          10  0.10799570499552438     
           9          10   1.4413514780465240     
           8          11  0.10971315761432048     
          10          11   1.4343558189131622     
           7          12   1.4050604112268983     
           9          12  0.11158731759557217     
          11          12   1.4502676493621038     
           1          13  0.98250401081159000     
           1          14  0.98629188119342026     
           1          15  0.98647036558488010     
           2          16  0.96307955635643916     
           3          17  0.98430507088547758     
           3          18  0.98725892001840942     
           3          19  0.98535583944125915     
           6          20  0.95963071528815558     
           6          21  0.96409110411258958     
           8          22  0.96867598153846934     
           9          23  0.97097240310276056     
          10          24  0.97139851208629868     
          11          25  0.97090418827407854     
          12          26  0.96928907994434965     
