           1           2   1.0209588959058664     
           2           3  0.99761000987174620     
           3           4  0.97075669479728954     
           4           5   1.7691943653660520     
           4           6   1.0990199975036337     
           5           6  0.16327971936522295     
           6           7  0.97085725633683440     
           7           8   1.3863557031266518     
           8           9   1.4499988300670756     
           7          10  0.10265694960783260     
           9          10   1.4332997934735472     
           8          11  0.11152230232180878     
          10          11   1.4431832358647751     
           7          12   1.3983002577888151     
           9          12  0.11019121860708253     
          11          12   1.4384241842937910     
           1          13  0.98686341800255895     
           1          14  0.98734620953290508     
           1          15  0.98712451905543508     
           2          16  0.97557355724660455     
           2          17  0.97774592747780908     
           3          18  0.97142791985905719     
           3          19  0.94797556937833138     
           8          20  0.96808275745289152     
           9          21  0.97027242450637818     
          10          22  0.97072202911255556     
          11          23  0.97027157828548938     
          12          24  0.96652488440682749     
