           1           2  0.98191566704624111     
           2           3   1.0806204185527808     
           3           4   1.3620687515674570     
           4           5   1.4593587599061151     
           5           6   1.3879093826569329     
           6           7   1.0118277733364249     
           7           8   1.7065461903922050     
           7           9   1.1246143647628120     
           8           9  0.16767493177373846     
           9          10  0.92340497848717751     
          10          11   1.0014793970572813     
          10          12   1.0068811520158316     
           6          13   1.3612914744389744     
           3          14   1.3323258349148628     
          13          14   1.4948541862620517     
           1          15  0.97632146979421486     
           1          16  0.97944495794672348     
           1          17  0.97634137803989651     
           4          18  0.96516405046301879     
           5          19  0.96537047563728562     
          10          20  0.96015703357444959     
          11          21  0.98419405940483573     
          11          22  0.98571423403392400     
          11          23  0.98422368541678285     
          12          24  0.98471390999579889     
          12          25  0.98418528166059471     
          12          26  0.98525278936436422     
          13          27  0.96587800526445933     
          14          28  0.96714748072665779     
