           1           2   1.0187452473183474     
           2           3  0.98839090294638987     
           3           4   1.0130127583918906     
           4           5   1.4125113025931242     
           5           6   1.4451122689754516     
           4           7  0.10520308591503197     
           6           7   1.4088986149153997     
           7           8   1.0144383978522942     
           8           9  0.97639458012972558     
           9          10   1.0061715051931268     
           5          11  0.10928492544086851     
           7          11   1.4049951746269211     
           4          12   1.4059537701425875     
           6          12  0.10743391404099931     
          11          12   1.4539738393274564     
           1          13  0.98777793406557379     
           1          14  0.98663587086320903     
           1          15  0.98775799247341267     
           2          16  0.97899508119298684     
           2          17  0.97908346080590936     
           3          18  0.97279393220015153     
           3          19  0.97342626137218802     
           5          20  0.96932027322937941     
           6          21  0.96814651392525453     
           8          22  0.97157880271884212     
           8          23  0.97302313934617957     
           9          24  0.96987769481189234     
           9          25  0.97224334831853410     
          10          26  0.89367972205723367     
          11          27  0.96933092309354563     
          12          28  0.96921375507549046     
