           1           2  0.98104268157399033     
           2           3   1.6768815543856079     
           2           4   1.2314432133791842     
           3           4  0.19166720054201383     
           4           5  0.99667035827134665     
           5           6  0.98394410054279735     
           6           7  0.99456731645764451     
           7           8  0.98517892529852868     
           4           9  0.98650738605336463     
           8           9  0.98999066685908454     
           1          10  0.97133762148048464     
           1          11  0.97012256745551473     
           1          12  0.98240595819753274     
           5          13  0.96543951216880108     
           5          14  0.96787384411156718     
           6          15  0.96949449876477345     
           6          16  0.96613693363409459     
           8          17  0.96944784278725016     
           8          18  0.96680161504698348     
           9          19  0.96355613676644536     
           9          20  0.96712210572260526     
