   -0.10977997
    0.00664780
   -0.10676580
   -0.06005150
   -0.05296240
   -0.06110058
    0.00588879
   -0.11220053
   -0.07030411
    0.08836433
   -0.26399511
    0.34944084
   -0.44354300
   -0.01365910
   -0.07384309
    0.06796542
   -0.11138835
   -0.22453404
    0.08696792
    0.07748782
   -0.12037392
   -0.12150620
   -0.12208345
    0.04182564
    0.04228510
    0.03618573
    0.04149900
    0.04046113
    0.03926506
    0.02420962
    0.03425732
    0.03667627
    0.03821026
    0.04324440
    0.04467078
    0.04768222
    0.04492268
    0.05134632
    0.04965278
    0.05629669
    0.03951757
    0.04703858
    0.05773304
    0.04739192
    0.04720592
    0.05910407
    0.05845372
    0.04904753
    0.06828490
    0.03988463
    0.04030891
    0.06955144
    0.04911501
