           1           2   1.0215663609483370     
           2           3   1.0241313710518782     
           2           4   1.8824388183544918     
           4           5   1.0228426594301252     
           5           6  0.96715021866673223     
           6           7   1.0145499232199244     
           7           8   1.0238831023078385     
           7           9   1.8757204458096099     
           9          10   1.0185225545198722     
          10          11  0.94296139298806425     
          11          12   1.1215831928050679     
          11          13  0.16276488428351618     
          12          13   1.6727975828771469     
          12          14   1.0420532701975760     
          14          15   1.4091979040631437     
          15          16   1.3849009771580689     
          16          17   1.0274101270876455     
          14          18  0.13487985780836831     
          16          18   1.4374311518343723     
          14          19   1.2342315561616659     
          18          19   1.2485895542336523     
          19          20  0.94531824099820116     
          20          21  0.99666839849851929     
          20          22  0.98809300809352962     
          20          23  0.98761550599016590     
           1          24  0.97317189288561090     
           1          25  0.97384003308793088     
           1          26  0.98533487737068104     
           3          27  0.97068003576384998     
           3          28  0.97535835570218254     
           3          29  0.97922588466004812     
           4          30  0.96524559843383195     
           5          31  0.97330902483024617     
           5          32  0.96830482344374469     
           6          33  0.97539696884866289     
           6          34  0.96789432368771111     
           8          35  0.97235673124790944     
           8          36  0.98522852433866925     
           8          37  0.96919560320487275     
           9          38  0.96184067498970949     
          10          39  0.95293799672296120     
          10          40  0.94955697023862062     
          15          41  0.97241788016212205     
          17          42  0.97340517026004425     
          17          43  0.98381511288992152     
          17          44  0.97236318035878466     
          21          45  0.98335067861810144     
          21          46  0.98295032485394440     
          21          47  0.98302140166551411     
          22          48  0.98299411005135129     
          22          49  0.97561086123211038     
          22          50  0.98588155462215110     
          23          51  0.98581282728268271     
          23          52  0.97521422896452081     
          23          53  0.98294612966257877     
