           1           2   1.0018414791416590     
           2           3  0.99707257941747596     
           3           4   1.4058269421670502     
           4           5   1.4532881657669325     
           3           6  0.10649238996624659     
           5           6   1.4255092337555233     
           4           7  0.11026010863296798     
           6           7   1.4542654442077683     
           3           8   1.3952569267140982     
           5           8  0.10678343152296840     
           7           8   1.4057692823812986     
           8           9   1.0101228079463480     
           9          10   1.0075909238448675     
           2          11  0.97204502114507951     
          10          11  0.98474738999588363     
          11          12  0.99634523944564579     
           1          13  0.98677690513343264     
           1          14  0.98387580040898692     
           1          15  0.98441570778181253     
           2          16  0.95194761593646415     
           4          17  0.96619109729443364     
           5          18  0.97124144739601281     
           6          19  0.97114825937676397     
           7          20  0.96960469248749959     
           9          21  0.96734109994694228     
           9          22  0.95837145461710149     
          10          23  0.97739411056306325     
          10          24  0.97679912183924156     
          11          25  0.96339250465788440     
          12          26  0.89448222856612980     
