           1           2  0.98209190519218070     
           2           3   1.6687107691083878     
           2           4   1.2571146745246389     
           3           4  0.19266343397950766     
           4           5  0.98732981586357393     
           5           6  0.98073088931999108     
           6           7   1.0261530394518985     
           1           8  0.97067846934027635     
           1           9  0.98308532723965447     
           1          10  0.97079988530547112     
           4          11  0.94628465437392473     
           5          12  0.96471270531249043     
           5          13  0.97842388803609659     
           6          14  0.97157091372638438     
           6          15  0.96578761352450448     
           7          16  0.84272211701966848     
