           1           2  0.95536267059955238     
           2           3   1.1357777823010375     
           2           4  0.17233574168347537     
           3           4   1.7590505731331041     
           3           5  0.96752539924317194     
           5           6   1.0096028647664386     
           6           7  0.96752530727507047     
           7           8   1.7590505653430821     
           7           9   1.1357778838358530     
           8           9  0.17233580707443716     
           9          10  0.95536278702029154     
           1          11  0.97750667029409910     
           1          12  0.97702396718377271     
           1          13  0.98178099781267369     
           5          14  0.95166357132492807     
           5          15  0.95953166951889579     
           6          16  0.95166335594821128     
           6          17  0.95953270498588927     
          10          18  0.97750666307872081     
          10          19  0.97702395685788446     
          10          20  0.98178101455409839     
