           1           2   1.0195393642405219     
           2           3   1.0066279119249981     
           3           4   1.0024792389139645     
           4           5  0.95406662670783848     
           5           6   1.1210615790879948     
           5           7  0.10833795260086464     
           6           7   1.6565634221357919     
           7           8   1.1072238840462563     
           8           9   1.7731314661100588     
           8          10  0.97725544883889071     
          10          11   1.0066761323818110     
           6          12   1.0033935620733365     
          11          12   1.0042948741997313     
           1          13  0.98762922892233684     
           1          14  0.98761735979786602     
           1          15  0.98686628729271864     
           2          16  0.97810216089328406     
           2          17  0.97812632012699952     
           3          18  0.97542919383892890     
           3          19  0.97551596074230240     
           4          20  0.96683565688497997     
           4          21  0.96653126500697706     
           7          22  0.95954128560411744     
          10          23  0.94996805776262172     
          10          24  0.96964145410507174     
          11          25  0.97633522242438475     
          11          26  0.97775355137208864     
          12          27  0.96698130526770643     
          12          28  0.95098513412433583     
