           1           2   1.4492448702718388     
           1           3  0.36222336091990376     
           2           3   1.4564753619600324     
           2           4  0.96183141762281377     
           4           5   1.3858928632605108     
           5           6   1.4424904486802039     
           6           7   1.4444455422630063     
           5           8  0.10397474292755851     
           7           8   1.3978778506065694     
           8           9   1.0054719263915428     
           9          10   1.0059160718833946     
           4          11   1.3806499418917388     
           6          11  0.10298522233115556     
           8          11   1.4272803661639109     
           5          12  0.96107421046845731     
           6          13  0.96863958653850135     
           7          14  0.96885838312861150     
           9          15  0.95590350986717021     
           9          16  0.95538741334206045     
          10          17  0.89967599781836083     
          11          18  0.95346145384412873     
