           1           2  0.99037002836094867     
           2           3  0.98198373143282258     
           3           4  0.98736802215051034     
           4           5   1.4322226557978013     
           5           6   1.4308378990573911     
           4           7  0.10779242314654541     
           6           7   1.4453301158037384     
           5           8  0.10932213310294892     
           7           8   1.4330121042384645     
           4           9   1.3751105818521101     
           6           9  0.10759287537847771     
           8           9   1.4262678548833807     
           9          10   1.0147098360357469     
           3          11  0.94830397794212185     
          10          11  0.97659658049660392     
          11          12   1.0088134686808177     
           1          13  0.98018262140546475     
           1          14  0.97724401934047056     
           1          15  0.97842669086551448     
           3          16  0.94813141875980311     
           5          17  0.96877033278161462     
           6          18  0.97109444143645063     
           7          19  0.97115441320671425     
           8          20  0.96958052288320151     
          10          21  0.96166433296714060     
          10          22  0.96560071869567821     
          11          23  0.96879149565973499     
          12          24  0.88412112336864435     
