           1           2   1.9884111583588218     
           2           3   1.0131999840671859     
           3           4  0.95989635834404841     
           4           5   1.0794460443055551     
           5           6   1.3379266356775643     
           6           7   1.4740332156195279     
           7           8   1.3886637765941878     
           8           9  0.97602192347483496     
           6          10  0.10687398539220783     
           8          10   1.4194047495907685     
           5          11   1.3686682892269741     
          10          11   1.4356208048162196     
           1          12  0.97437113997698099     
           1          13  0.97556611979123187     
           2          14  0.96328360281611447     
           3          15  0.96388124069877579     
           3          16  0.95148832890341173     
           6          17  0.96585596414617336     
           7          18  0.96754347088902692     
          10          19  0.96837337456263617     
          11          20  0.96464198993399630     
