           1           2   1.0156338377708867     
           2           3  0.96376669971524453     
           3           4   1.0770930008729080     
           4           5   1.3405867507168088     
           5           6   1.4734473267493837     
           6           7   1.3843068429378422     
           7           8  0.96506997895890523     
           5           9  0.10756512307943816     
           7           9   1.4141845245708098     
           4          10   1.3702942443623458     
           6          10  0.10089338606094074     
           9          10   1.4354614869952613     
           1          11  0.98558124107889478     
           1          12  0.98558124854107243     
           1          13  0.98480374537537652     
           2          14  0.96853150819243439     
           2          15  0.96853149588015630     
           5          16  0.96639097567422949     
           6          17  0.96697548876156503     
           9          18  0.96774192068612874     
          10          19  0.96527461835588246     
