           1           2   1.0060370734935635     
           2           3  0.99766307834674250     
           2           4  0.98142810610654851     
           4           5  0.99237436844038163     
           1           6  0.98653090632829432     
           1           7  0.98516375225001007     
           1           8  0.98378111292974291     
           2           9  0.95929949279143245     
           3          10  0.88831492864074424     
           4          11  0.97074437367757183     
           4          12  0.97190518472430165     
           5          13  0.90188304035556210     
