           1           2   1.0071164843594036     
           2           3  0.98245057626135912     
           2           4  0.98782953480063262     
           4           5  0.99051043778779135     
           5           6   1.0125068451053250     
           6           7   1.4142236311951866     
           7           8   1.4426308793875691     
           6           9  0.10999536551619396     
           8           9   1.4408716834874586     
           7          10  0.11016237572148592     
           9          10   1.4353317195362287     
           6          11   1.4088468626162174     
           8          11  0.11143985934413531     
          10          11   1.4494893516865559     
           1          12  0.98323619240204541     
           1          13  0.98526853203935572     
           1          14  0.98454397444359731     
           2          15  0.96036132921345829     
           3          16  0.90355649498516044     
           4          17  0.97532400501399341     
           4          18  0.97399593148981090     
           5          19  0.96812503394713612     
           5          20  0.97352850904848220     
           7          21  0.96857601874584254     
           8          22  0.97124123306271093     
           9          23  0.97163325068988216     
          10          24  0.97131387051464413     
          11          25  0.96936138792311111     
