           1           2   1.0192885487542342     
           2           3   1.0056279583450487     
           3           4  0.99799930258537184     
           4           5  0.92712367966178710     
           5           6   1.1629252895116087     
           5           7  0.17072911081937309     
           6           7   1.7259679839146718     
           6           8  0.92734771954526740     
           8           9   1.0164318248432889     
           8          10  0.95091911923707217     
          10          11   1.4052722165321456     
          11          12   1.4511285383523396     
          10          13  0.10823221957572887     
          12          13   1.4324234539130722     
          11          14  0.11236922708664189     
          13          14   1.4441370710124097     
          10          15   1.4189501146258021     
          12          15  0.11006770477355032     
          14          15   1.4374006540958024     
           1          16  0.98673163153895771     
           1          17  0.98749522750784891     
           1          18  0.98763558053217604     
           2          19  0.97824076601337784     
           2          20  0.97798407283473254     
           3          21  0.97505228664057930     
           3          22  0.97594847295156761     
           4          23  0.97143445192349809     
           4          24  0.96867232827559935     
           8          25  0.94395489587395598     
           9          26  0.86940944731340331     
          11          27  0.96838228379787328     
          12          28  0.97078471902529284     
          13          29  0.97115996354110978     
          14          30  0.97061126352266758     
          15          31  0.96612346196866006     
