   -0.10196459
   -0.05227361
   -0.05845749
   -0.05755417
   -0.05841583
   -0.05884689
   -0.05317452
   -0.00449052
   -0.22260800
   -0.02173764
    0.08672782
   -0.43662723
    0.03134707
    0.03446963
    0.03454261
    0.02816683
    0.02794746
    0.02654942
    0.03054853
    0.02681052
    0.03547608
    0.03198996
    0.02787255
    0.03041513
    0.04573325
    0.03538402
    0.03370270
    0.03709680
    0.04979759
    0.06257285
    0.04283286
    0.01815971
    0.04736951
    0.30063758
