           1           2   1.0200454093954432     
           2           3   1.0070590434352993     
           3           4   1.0076585183886353     
           4           5   1.0076938336579204     
           5           6   1.0061838245121195     
           6           7   1.0090646055093149     
           7           8   1.0136001013025873     
           8           9  0.98597892200227466     
           9          10  0.99122792274741123     
          10          11   1.0022854362168303     
          11          12   1.0130253838348207     
           1          13  0.98758175692599970     
           1          14  0.98764554984690300     
           1          15  0.98640378748646462     
           2          16  0.97862706823720946     
           2          17  0.97832800420507948     
           3          18  0.97753403691200702     
           3          19  0.97729856682185656     
           4          20  0.97551908722643721     
           4          21  0.97544216750251045     
           5          22  0.97682798374267255     
           5          23  0.97740475086299083     
           6          24  0.97703043308703952     
           6          25  0.97359211955410241     
           7          26  0.96956404931340878     
           7          27  0.96883217130304178     
           8          28  0.97255648403134842     
           8          29  0.97136968560085013     
          10          30  0.97075247492086136     
          10          31  0.97094691286811108     
          11          32  0.96409616375881568     
          11          33  0.96525141104783851     
          12          34  0.88749673128242201     
