           1           2  0.98652952339330890     
           2           3   1.0592345130720457     
           3           4   1.3780232250640483     
           4           5   1.4372034804514806     
           5           6   1.4231251122145774     
           6           7  0.99750400794841243     
           7           8  0.99846870171073487     
           4           9  0.10256231856691805     
           6           9   1.3917883274590546     
           3          10   1.3465395585854438     
           5          10  0.10867383464126593     
           9          10   1.4751620216972650     
           1          11  0.97659457530920646     
           1          12  0.97667471426610675     
           1          13  0.97975840304434370     
           4          14  0.96619984456692554     
           5          15  0.96757381769762418     
           7          16  0.95785057153819642     
           7          17  0.96578285216071302     
           8          18  0.90359363539714554     
           9          19  0.96854245568310293     
          10          20  0.96807459927271178     
