           1           2   1.0376463981410100     
           2           3   1.8326250389754728     
           3           4   1.0390702183245428     
           4           5  0.97577024176512694     
           2           6   1.0089423631348851     
           3           6  0.19267745691799451     
           5           6   1.0051823085718783     
           1           7  0.96414967227406645     
           1           8  0.97728704839410163     
           1           9  0.96343330925068582     
           4          10  0.96106286158248100     
           4          11  0.96104556881127123     
           5          12  0.98085443631970659     
           5          13  0.98084590167153862     
