           1           2   1.0093426480636769     
           2           3   1.0097390700663593     
           2           4  0.98431581813546953     
           4           5  0.92858777398823900     
           5           6   1.1705081855911117     
           5           7  0.17273683817548868     
           6           7   1.7202850955156244     
           6           8  0.92462005067961417     
           8           9   1.0159568828678647     
           8          10  0.95408469157549969     
          10          11   1.4165825146002338     
          11          12   1.4392367780193447     
          10          13  0.10843078227116418     
          12          13   1.4427062687833687     
          11          14  0.11037002678545858     
          13          14   1.4335753181199036     
          10          15   1.4055349023968096     
          12          15  0.11193196288862529     
          14          15   1.4490794643954643     
           1          16  0.98632622393007419     
           1          17  0.98599659698357467     
           1          18  0.98393553624077157     
           2          19  0.96525982701250790     
           3          20  0.98457325974415655     
           3          21  0.98558635226234725     
           3          22  0.98594770382516828     
           4          23  0.96882239676995041     
           4          24  0.96692719576268393     
           8          25  0.94396460952507044     
           9          26  0.86758455922053712     
          11          27  0.96680097037531121     
          12          28  0.97064738253800498     
          13          29  0.97116339806002039     
          14          30  0.97070794584602071     
          15          31  0.96805867224242936     
