           1           2   1.7822897815739651     
           1           3  0.12307719115790139     
           2           3   1.0577220124514273     
           3           4  0.96805069313576786     
           4           5   1.0153817145781652     
           2           6   1.0249397338158681     
           6           7   1.7822892441019182     
           6           8   1.0577226349608420     
           7           8  0.12307768470607788     
           8           9  0.96805043116189038     
           9          10   1.0153817410903332     
           1          11  0.97328816469292612     
           1          12  0.97394340491385045     
           4          13  0.96761378692379463     
           4          14  0.96761378165625311     
           5          15  0.98595942798716418     
           5          16  0.98539195433487625     
           5          17  0.98595943010282450     
           7          18  0.97328829487844548     
           7          19  0.97394347434479800     
           9          20  0.96761375789754300     
           9          21  0.96761375652189985     
          10          22  0.98539195206254038     
          10          23  0.98595942820774196     
          10          24  0.98595942838618467     
