   -0.10248993
    0.01470894
   -0.05810200
   -0.05054322
   -0.05444056
    0.00351797
   -0.10409731
   -0.06399767
   -0.05587059
   -0.02893316
   -0.02734490
   -0.06807044
    0.01759697
   -0.10512574
   -0.10557445
    0.02747892
    0.02640972
    0.03361351
    0.03081142
    0.03358709
    0.02886835
    0.02463250
    0.04391859
    0.03620539
    0.03730485
    0.03319708
    0.03269842
    0.03294826
    0.03107128
    0.03749169
    0.03107204
    0.03575172
    0.02592289
    0.03658955
    0.03494450
    0.03390301
    0.03185938
    0.03438121
    0.03410474
