           1           2   1.9229842755663873     
           2           3   1.0065865765334454     
           3           4  0.96596378063347721     
           4           5   1.0243840798479527     
           5           6   1.8828143234490695     
           6           7   1.0253236954385807     
           6           8   1.0039505598006218     
           8           9  0.99179272738386515     
           9          10   1.0035469541007311     
           2          11   1.0132366956896617     
          10          11  0.96186418311621924     
          11          12  0.97538534279450928     
          10          13  0.96444174330196719     
          12          13  0.97967156840401448     
          13          14   1.0050835369754385     
          13          15   1.0053922287771275     
           1          16  0.97640535501103642     
           1          17  0.97345192413953541     
           3          18  0.97300722623781188     
           3          19  0.97462807673963248     
           4          20  0.97073836790946977     
           4          21  0.97285590394330890     
           5          22  0.96405162329155036     
           7          23  0.96619082733941841     
           7          24  0.97622576531858118     
           7          25  0.97805450322353260     
           8          26  0.97870044857606142     
           8          27  0.96756057994784617     
           9          28  0.97187079011001243     
           9          29  0.97519173903219891     
          10          30  0.96511860182552778     
          11          31  0.96748488818599521     
          12          32  0.97685912103736450     
          12          33  0.98043273329260827     
          14          34  0.98514116658957307     
          14          35  0.98392388159184996     
          14          36  0.98360109198211176     
          15          37  0.98515896628032618     
          15          38  0.98424960926090077     
          15          39  0.98450662974451797     
