   -0.10479761
   -0.05504772
   -0.06414656
    0.08589189
   -0.31682901
    0.08290154
    0.07240464
   -0.25912878
    0.33701037
   -0.41689263
    0.12271597
   -0.44111964
   -0.06211945
   -0.05654047
   -0.05906466
   -0.05657911
   -0.06166070
    0.03671873
    0.03679425
    0.03460751
    0.03162195
    0.04661953
    0.05353497
    0.03961480
    0.02098652
    0.01949059
    0.02834685
    0.03978354
    0.07262418
    0.07686302
    0.30819542
    0.03915829
    0.04144662
    0.05593876
    0.03373901
    0.03317755
    0.03431770
    0.03334024
    0.05630144
    0.04151367
    0.03826681
