           1           2   1.0196990467243383     
           2           3   1.0081803100512177     
           3           4   1.0023147230882514     
           4           5  0.97315286620639696     
           5           6  0.99422536393190164     
           6           7  0.98963120260002868     
           7           8  0.94099064311196157     
           8           9   1.1480559199662663     
           8          10  0.16702887903750430     
           9          10   1.7288029406208414     
           9          11  0.93636976677938322     
          11          12   1.0012769475366150     
          11          13  0.95242438495247250     
          13          14   1.0066900817021871     
          14          15   1.0095759610700119     
          15          16   1.0095620891257857     
          11          17  0.95667583497251552     
          16          17   1.0068421028067913     
           1          18  0.98727770031487583     
           1          19  0.98778566601665752     
           1          20  0.98775209061457114     
           2          21  0.97831456419293206     
           2          22  0.97718931679621601     
           3          23  0.97479105232443519     
           3          24  0.97552094067886985     
           4          25  0.96763785559821613     
           4          26  0.96764764434360018     
           6          27  0.96568205347474323     
           6          28  0.96508855529907578     
           7          29  0.96682702076328186     
           7          30  0.96908347945148288     
          12          31  0.86809965413993084     
          13          32  0.97652569925428856     
          13          33  0.97495960558283479     
          14          34  0.97480488383516195     
          14          35  0.97553244724388166     
          15          36  0.97694549153262011     
          15          37  0.97726981304531590     
          16          38  0.97574558898164532     
          16          39  0.97482994960278324     
          17          40  0.97478500615196406     
          17          41  0.97660483921450669     
