           1           2   1.0186675793561910     
           2           3   1.0065187795275972     
           3           4  0.98538416458068323     
           4           5   1.0059555815788166     
           5           6   1.0035639044917042     
           6           7  0.98101153192070456     
           7           8   1.0062655834233778     
           8           9   1.0184002550200784     
           5          10   1.8213910220738563     
          10          11   1.0168460077032948     
           1          12  0.98788241954199196     
           1          13  0.98710548997881886     
           1          14  0.98784207831721582     
           2          15  0.97834741800173641     
           2          16  0.97838191484329751     
           3          17  0.97582525213708959     
           3          18  0.97790757506674975     
           4          19  0.96559259597390634     
           4          20  0.97265573753081691     
           6          21  0.96541756122211608     
           6          22  0.97197162749334798     
           7          23  0.97783117582928947     
           7          24  0.97730507606734773     
           8          25  0.97852643686790097     
           8          26  0.97844400998520520     
           9          27  0.98796000150121333     
           9          28  0.98720419329250386     
           9          29  0.98792656805769552     
          11          30  0.89871154016142085     
