           1           2   1.0199253103672719     
           2           3  0.93341395107344527     
           3           4   1.1450158578759286     
           3           5  0.17497778922596144     
           4           5   1.7455954619456393     
           4           6  0.97272670355520208     
           6           7  0.92761723598690871     
           7           8  0.98972071840329678     
           7           9  0.95932728577125304     
           9          10  0.98445682857802186     
          10          11  0.98289649314044292     
           7          12  0.96547038670570617     
          11          12  0.98476639044144776     
           1          13  0.98533279605557544     
           1          14  0.98343005926745064     
           1          15  0.98530156813827485     
           2          16  0.96897105756948476     
           2          17  0.96909831808879154     
           6          18  0.96581406894817101     
           6          19  0.97209162175115349     
           8          20  0.98143193415193142     
           8          21  0.98170008624704619     
           8          22  0.97774088189249742     
          10          23  0.97262230770079872     
          10          24  0.97308368617356222     
          11          25  0.97130572662751358     
          11          26  0.97373150214418580     
