           1           2   1.0137356429843314     
           2           3   1.8533139540060195     
           2           4  0.96264357495599062     
           4           5  0.97020077565491025     
           4           6   1.0128131168782764     
           1           7  0.94689867006303952     
           1           8  0.97586262400439094     
           1           9  0.97531675681586039     
           4          10  0.94160854250891046     
           5          11  0.98565429335503674     
           5          12  0.98703053103216065     
           5          13  0.98150907655437947     
           6          14  0.86504764216212526     
