           1           2  0.98008137872849732     
           2           3   1.6993088742288007     
           2           4   1.1980847172800637     
           3           4  0.17257802672824174     
           4           5  0.98646672426397808     
           5           6  0.99650321653514240     
           6           7   1.0085066614869531     
           7           8   1.0092424603799577     
           8           9   1.4139594120721304     
           9          10   1.4475436709950427     
           8          11  0.10459566346181064     
          10          11   1.4252147990185826     
           9          12  0.10789819301344111     
          11          12   1.4539416250578128     
           4          13   1.0328678912207121     
           8          13   1.3644450170964562     
          12          13   1.3805376536838654     
           1          14  0.98198365630858542     
           1          15  0.97168663468065064     
           1          16  0.96840324302827419     
           5          17  0.96939994843816490     
           5          18  0.96729042851055680     
           6          19  0.97636035002817168     
           6          20  0.97777482389665138     
           7          21  0.96290561860055923     
           7          22  0.96647599451014021     
           9          23  0.96963682361420511     
          10          24  0.97099927968453037     
          11          25  0.97073390417597183     
          12          26  0.96530409424246888     
