   -0.12898721
    0.28132876
   -0.11200136
    0.36564806
   -0.41594848
   -0.26776520
    0.11453423
   -0.06299702
   -0.05989531
   -0.06087521
   -0.05961092
   -0.06468039
   -0.32804717
    0.07568749
    0.07793126
   -0.32892267
    0.07686052
    0.06875689
    0.06487259
    0.06286936
    0.07244658
    0.04884362
    0.04372005
    0.04826184
    0.03826032
    0.03821462
    0.03706674
    0.03519236
    0.03710804
    0.03740621
    0.04073975
    0.04749928
    0.03452635
    0.05191271
    0.05295873
    0.03708455
