           1           2  0.98991334197379122     
           2           3  0.92887116538367054     
           3           4  0.97024954346171799     
           4           5   1.7396290852611866     
           4           6   1.1519172477408539     
           5           6  0.17591895028289159     
           6           7  0.91454005725974752     
           7           8  0.98878577314634897     
           8           9   1.0065321951350046     
           9          10   1.0090991060904169     
          10          11   1.0092022481035663     
           7          12  0.99486791107720995     
          11          12   1.0061871803742513     
           2          13  0.95863179432808565     
          13          14  0.98487370377555328     
          14          15  0.98259348847258166     
           2          16  0.96457176549762580     
          15          16  0.98522301968693837     
           1          17  0.97767625501279809     
           1          18  0.98154406124274129     
           1          19  0.98175046722351567     
           3          20  0.97235313812197988     
           3          21  0.96649279243330888     
           7          22  0.95925713426620995     
           8          23  0.97527833548341936     
           8          24  0.97470421029932064     
           9          25  0.97707633997880694     
           9          26  0.97662234940660064     
          10          27  0.97726541440634085     
          10          28  0.97704688021701447     
          11          29  0.97725840433194566     
          11          30  0.97701084616909173     
          12          31  0.97607596053043399     
          12          32  0.97483268408132062     
          14          33  0.97261182551707981     
          14          34  0.97311928809219572     
          15          35  0.97382362900665020     
          15          36  0.97114763493224032     
