           1           2   1.6444769147394376     
           1           3  0.16786344669155226     
           2           3   1.2089762312754684     
           3           4   1.0034803259484715     
           4           5   1.0053543900456736     
           5           6  0.95101282517840779     
           1           7  0.13054732771494723     
           2           7   1.0444581338945778     
           7           8  0.95361694193485391     
           8           9   1.0024958413411607     
           9          10  0.95860482712308170     
           3          11  0.93069448517051812     
           4          12  0.95644431451026979     
           4          13  0.96704250599296293     
           5          14  0.97592608529416003     
           5          15  0.97728021212797911     
           8          16  0.96742469809953502     
           8          17  0.96918720293870542     
           9          18  0.97475939982137383     
           9          19  0.97760498828310671     
