           1           2   1.0126613663524717     
           2           3  0.93104454725193775     
           3           4   1.1401696677663058     
           3           5  0.17944113693879638     
           4           5   1.7441669098620451     
           4           6  0.96631686512491566     
           6           7   1.4103594313738692     
           7           8   1.4403020981787731     
           6           9  0.10482767198684179     
           8           9   1.4326517155368201     
           7          10  0.10645753890949206     
           9          10   1.4457765415615740     
           6          11   1.3600847312150246     
           8          11  0.10384880681510562     
          10          11   1.3991311946345830     
          11          12  0.98672671637783038     
          12          13   1.7343856227163061     
          12          14   1.1259782781305872     
          13          14  0.17262463664959091     
          14          15  0.95748156583270883     
           1          16  0.98300229078496359     
           1          17  0.98686778717636592     
           1          18  0.98032135978650370     
           2          19  0.96652697505659413     
           2          20  0.97030223691608364     
           7          21  0.96665223313992676     
           8          22  0.96895582800263458     
           9          23  0.96920105431462078     
          10          24  0.96658701780975276     
          15          25  0.97666633610860476     
          15          26  0.97620107487692398     
          15          27  0.98160982461454904     
