           1           2   1.0191360005135350     
           2           3   1.0077431898813725     
           3           4   1.0070198350299120     
           4           5   1.0069704203713723     
           5           6   1.0064974937833298     
           6           7   1.0078484019646281     
           7           8   1.0080060782779965     
           8           9  0.97762020090592017     
           9          10   1.0551220137820752     
          10          11   2.8479321692242778     
           1          12  0.98796510965585393     
           1          13  0.98799645464135188     
           1          14  0.98749703543823641     
           2          15  0.97864012560152880     
           2          16  0.97863347609609708     
           3          17  0.97749334334229188     
           3          18  0.97748104169139649     
           4          19  0.97751677199315234     
           4          20  0.97754483812626458     
           5          21  0.97750029141843375     
           5          22  0.97731233959218866     
           6          23  0.97720942232166430     
           6          24  0.97582963353165753     
           7          25  0.97571819337390886     
           7          26  0.97543340472733053     
           8          27  0.97570493780842638     
           8          28  0.97829279174478212     
           9          29  0.94313839562526514     
           9          30  0.94546353712040276     
