           1           2   1.0191938446818483     
           2           3  0.94250197880427622     
           3           4   1.1131563353248730     
           3           5  0.16644055110216971     
           4           5   1.7147605654827971     
           4           6   1.0127729331223116     
           6           7   1.3841800480699418     
           7           8   1.4604988621438066     
           8           9   1.4205987132071805     
           7          10  0.10657789041558334     
           9          10   1.4491110774216582     
           6          11   1.3546252756476440     
           8          11  0.10098404267872509     
          10          11   1.4099093424878879     
          11          12   1.0383220183586066     
           1          13  0.98560966824343477     
           1          14  0.98406623393238057     
           1          15  0.98548545911512075     
           2          16  0.96824481478208702     
           2          17  0.96840374135171292     
           7          18  0.96576740363893099     
           8          19  0.97043434197077294     
           9          20  0.97066719863528073     
          10          21  0.96761882116382325     
          12          22  0.96414137961985480     
          12          23  0.96093601275304419     
          12          24  0.98405917285322919     
