   -0.10242758
   -0.05327341
   -0.05941623
   -0.05933740
   -0.05989259
   -0.06438475
    0.08773920
   -0.43567016
    0.34288422
   -0.41576306
   -0.26172765
    0.07472970
   -0.06637561
   -0.05652153
   -0.10545318
    0.03393728
    0.03409970
    0.03155977
    0.02929016
    0.03008334
    0.03102742
    0.03187347
    0.03309323
    0.03170551
    0.05323260
    0.03476513
    0.03971224
    0.04369740
    0.05690148
    0.31147670
    0.05764051
    0.05837957
    0.04761111
    0.05430670
    0.03334642
    0.03736149
    0.03862773
    0.04098778
    0.04017329
