           1           2   1.0200099557487579     
           2           3   1.0070153438647360     
           3           4   1.0075282017455949     
           4           5   1.0056966519021016     
           5           6   1.0048276565244565     
           6           7  0.95558311902168214     
           7           8   1.0131321886529174     
           7           9  0.94448116086873368     
           9          10   1.7299883213248031     
           9          11   1.1591536132340203     
          10          11  0.17217695785001483     
          11          12  0.92897727552663989     
          12          13  0.99794399929373057     
          13          14   1.0056881518619862     
          14          15   1.0193321266900408     
           1          16  0.98768285037145176     
           1          17  0.98634044688521194     
           1          18  0.98757991712368154     
           2          19  0.97854799815882687     
           2          20  0.97824148157916424     
           3          21  0.97726569580471889     
           3          22  0.97724997236183531     
           4          23  0.97562702111582944     
           4          24  0.97714323215007237     
           5          25  0.97468512367472726     
           5          26  0.97693689710278175     
           6          27  0.97571018958986000     
           6          28  0.97629553727851026     
           7          29  0.94713932120911948     
           8          30  0.87127297748401844     
          12          31  0.97122016820156398     
          12          32  0.96883987194379273     
          13          33  0.97595405459243223     
          13          34  0.97490213389208136     
          14          35  0.97823309826648430     
          14          36  0.97809709035829817     
          15          37  0.98762279382544993     
          15          38  0.98748711501506836     
          15          39  0.98679364838148498     
