           1           2   1.0226495061598244     
           2           3   1.8866425153629975     
           3           4   1.0091504087142469     
           4           5  0.99923974452603626     
           4           6  0.96199599174989403     
           6           7   1.0146804257183959     
           7           8   1.8675735894119021     
           8           9   1.0231754146558141     
           6          10  0.96569412461634396     
          10          11   1.0086900773598200     
           2          12   1.0088099443202199     
          10          12  0.99507807535932824     
           1          13  0.98502033275288459     
           1          14  0.97237853087623627     
           1          15  0.97387097090948460     
           3          16  0.96249397415817284     
           4          17  0.95159804781309387     
           5          18  0.98733635447973267     
           5          19  0.98492685779978695     
           5          20  0.98609755897098861     
           6          21  0.96192147378267379     
           7          22  0.94682319557192052     
           9          23  0.89648634489851942     
          10          24  0.96839517002296616     
          11          25  0.98388443530792702     
          11          26  0.98591602334243622     
          11          27  0.98616635909141515     
          12          28  0.96682288626173496     
          12          29  0.95854859556769056     
