           1           2   1.0208447010471080     
           2           3  0.98949914696389818     
           3           4   1.0259167079365532     
           4           5   1.8721803979375982     
           5           6   1.0260440367382679     
           1           7  0.98643866818596659     
           1           8  0.98731021714131939     
           1           9  0.98712523758560311     
           2          10  0.97765341159400854     
           2          11  0.97815155855787750     
           3          12  0.95480033505949247     
           3          13  0.97261477995376788     
           4          14  0.94782414098150269     
           6          15  0.89589197575451507     
