           1           2   1.0199972606804129     
           2           3   1.0075998761673564     
           3           4  0.97121455666255196     
           4           5   1.7569423401716591     
           4           6   1.1278027033035123     
           5           6  0.17113977753190096     
           6           7  0.93704713303977549     
           7           8   1.0063431605216446     
           8           9  0.98982116338371795     
           9          10   1.0110427349816744     
          10          11   1.4149457693433574     
          11          12   1.4428810539041721     
          10          13  0.11007967571575158     
          12          13   1.4406090481992588     
          11          14  0.11056453051557442     
          13          14   1.4363208512833279     
          10          15   1.4110179141363268     
          12          15  0.11158905189326809     
          14          15   1.4481807113020795     
           1          16  0.98687715781425400     
           1          17  0.98762460487882930     
           1          18  0.98756282691472397     
           2          19  0.97664565271718362     
           2          20  0.97746538592458609     
           3          21  0.95699578070718383     
           3          22  0.95226349127157417     
           7          23  0.96699115560497284     
           7          24  0.96802721708695294     
           8          25  0.97493505761092369     
           8          26  0.97516540912170147     
           9          27  0.97484262114301590     
           9          28  0.96924102966903236     
          11          29  0.96904525895595517     
          12          30  0.97109761920454607     
          13          31  0.97153794687699935     
          14          32  0.97123305240051017     
          15          33  0.96940192606161635     
