           1           2   1.0125668626965942     
           2           3  0.93583157270816009     
           3           4   1.1442845531078734     
           3           5  0.17441941121462998     
           4           5   1.7427748156361880     
           4           6  0.97117965111761462     
           6           7  0.94618322164906343     
           7           8  0.99275420091843980     
           7           9  0.97326355465614123     
           7          10  0.97104952351220264     
          10          11   1.4142342060538138     
          11          12   1.4458959091609780     
          10          13  0.11025274675972137     
          12          13   1.4373375026853199     
          11          14  0.11179871870699069     
          13          14   1.4399789623147863     
          10          15   1.4159064030231978     
          12          15  0.11112121253432804     
          14          15   1.4415263117725106     
           1          16  0.98378148457146186     
           1          17  0.98554423051489437     
           1          18  0.98346830131455976     
           2          19  0.96899178871306457     
           2          20  0.97250423387251894     
           6          21  0.97105537357754268     
           6          22  0.95534410054852914     
           8          23  0.98333589027133317     
           8          24  0.97688960689244431     
           8          25  0.98441248918624380     
           9          26  0.89821132403534676     
          11          27  0.96682981643217780     
          12          28  0.97098231820598979     
          13          29  0.97145910402597424     
          14          30  0.97107617776029254     
          15          31  0.96648106904508957     
