   -0.10941598
   -0.05930938
   -0.00569816
   -0.09902708
   -0.00093941
   -0.05759763
   -0.10531078
    0.26868968
   -0.45890831
   -0.08290208
   -0.08135964
    0.37093229
   -0.43126423
   -0.25943382
    0.11106395
   -0.11588198
   -0.06174499
   -0.10694357
    0.06393773
    0.03140228
    0.03857859
    0.03624541
    0.03930388
    0.04909177
    0.04377364
    0.04219146
    0.07079695
    0.02823291
    0.04940443
    0.03384782
    0.04169983
    0.03949372
    0.06991513
    0.04764959
    0.07805736
    0.05886242
    0.05377095
    0.04709313
    0.04840353
    0.05335736
    0.04747029
    0.03624764
    0.03363377
    0.03392358
    0.06866595
