           1           2   1.0208983966224285     
           2           3  0.99272491219677894     
           3           4  0.99252242451473616     
           4           5  0.98042561071248280     
           5           6  0.99592666336537694     
           6           7   1.0187026569913862     
           4           8   1.2596063215191888     
           4           9  0.18961320489206965     
           8           9   1.6513155186668917     
           8          10  0.96388977629290673     
          10          11   1.0048073892995950     
          11          12  0.96231187577787491     
          12          13   1.7285590634299972     
          12          14   1.1630179567315804     
          13          14  0.17466448850060190     
          14          15  0.91751557943154949     
          15          16   1.0033888347705229     
          15          17  0.98840229502082710     
          17          18   1.0197495016392417     
           1          19  0.98086355895019040     
           1          20  0.98608081882770993     
           1          21  0.98582722004522316     
           2          22  0.97606869163772425     
           2          23  0.97394175166402497     
           3          24  0.96815136743478836     
           3          25  0.96758877297740487     
           5          26  0.96954827222240225     
           5          27  0.96629640454942733     
           6          28  0.97709888879626172     
           6          29  0.97703368732470164     
           7          30  0.98770694454023134     
           7          31  0.98740309139275584     
           7          32  0.98675125699567001     
          10          33  0.95994226736859845     
          10          34  0.95928828784094655     
          11          35  0.96755836617131330     
          11          36  0.95399262818820174     
          15          37  0.95811403079311408     
          16          38  0.98419824951831658     
          16          39  0.98553820069227771     
          16          40  0.98517796096332244     
          17          41  0.97580416340011555     
          17          42  0.97473966867377060     
          18          43  0.98768751234016627     
          18          44  0.98679387914852468     
          18          45  0.97771525034869999     
