   -0.15415676
    0.13845509
   -0.07079611
   -0.02126897
   -0.05977024
   -0.07110004
    0.11681339
   -0.11550247
   -0.22018967
    0.36216487
   -0.40390920
   -0.04928200
   -0.05491543
   -0.05561428
   -0.02991995
   -0.05192518
   -0.05650666
   -0.05672494
   -0.05400399
   -0.10155402
   -0.27278497
    0.08733720
   -0.06933743
    0.00380953
   -0.10987485
   -0.06102618
   -0.05268664
   -0.06003351
    0.00649371
   -0.10653448
   -0.10973248
    0.03225847
    0.02986328
    0.05302625
    0.04593545
    0.04118010
    0.04199065
    0.04688578
    0.06448322
    0.06918339
    0.04995461
    0.04499577
    0.06063734
    0.04721888
    0.06167400
    0.05443748
    0.03138084
    0.03677953
    0.02572152
    0.04082130
    0.02739175
    0.02659139
    0.02821779
    0.03841011
    0.03152570
    0.03171838
    0.03398217
    0.03008097
    0.03224803
    0.05086410
    0.04245520
    0.04620308
    0.04128523
    0.04187711
    0.03795639
    0.03418373
    0.03563001
    0.02430743
    0.04127568
    0.03902900
    0.04019819
    0.04167956
    0.03625876
    0.04227905
