           1           2   1.8275195742977295     
           2           3  0.99552817426003359     
           3           4  0.98448279542854977     
           4           5  0.99535430259204627     
           5           6   1.0019683406317705     
           6           7   1.0057298483115686     
           7           8   1.8364605524616020     
           8           9  0.94385731295583031     
           9          10   1.0965228919938699     
           9          11  0.16484942871819333     
          10          11   1.7436367356348164     
          10          12  0.99930776913049746     
          12          13  0.93309622327606412     
          12          14  0.93536938025213023     
          13          14   1.0042872859649206     
           4          15  0.97949747874565674     
           7          15  0.98674953893740136     
          15          16  0.98250587558527303     
          16          17   1.0082431593345409     
          17          18   1.0063695680236235     
          18          19   1.0078520728757925     
          19          20   1.0191543326746328     
           1          21  0.12719905882965030     
           2          21   1.0646571626753993     
          21          22  0.97029298272888864     
          22          23   1.0157062446451344     
          23          24   1.8790088095798181     
          24          25   1.0231155541622099     
          24          26   1.0139894889511034     
          26          27  0.96687975626632716     
          27          28   1.0229017571729788     
          28          29   1.8824238612685631     
          29          30   1.0240406346995208     
          29          31   1.0215775568201633     
           1          32  0.97731922356661127     
           1          33  0.97335026681985137     
           3          34  0.97002393168711720     
           3          35  0.96967243868102393     
           4          36  0.96534245519867512     
           5          37  0.97842950730183820     
           5          38  0.97675964185831021     
           6          39  0.96572231792342600     
           6          40  0.94725815756880105     
          12          41  0.97117860489167640     
          13          42  0.97969376185953372     
          13          43  0.97686124154374543     
          14          44  0.97945053170530960     
          14          45  0.97746238766146265     
          15          46  0.93821916662080085     
          16          47  0.97317553641217946     
          16          48  0.97478045638930677     
          17          49  0.97536674452820771     
          17          50  0.97292646255940274     
          18          51  0.97631910894926388     
          18          52  0.97807892318124745     
          19          53  0.97875327172857440     
          19          54  0.97762193002816500     
          20          55  0.98800563011775366     
          20          56  0.98806297909538443     
          20          57  0.98745641819632723     
          22          58  0.95042741318726875     
          22          59  0.95298320719563112     
          23          60  0.96188116068321694     
          25          61  0.97024836973903139     
          25          62  0.98549235836039528     
          25          63  0.97245855836653128     
          26          64  0.96874340334090125     
          26          65  0.97531613410624374     
          27          66  0.97362514056976490     
          27          67  0.96824649377625660     
          28          68  0.96529993813799153     
          30          69  0.97039857480792624     
          30          70  0.97908740185088450     
          30          71  0.97596926862797040     
          31          72  0.97292163536653797     
          31          73  0.98531478915724724     
          31          74  0.97414292680157044     
