           1           2   1.0194723047460994     
           2           3   1.0027540125433407     
           3           4  0.97921443868227320     
           4           5  0.98832840393111110     
           5           6  0.99406221975558684     
           6           7   1.4403302455269880     
           7           8   1.4047654742364484     
           8           9   1.4173996276042335     
           9          10   1.2931810981614951     
           6          11   1.3759026795847822     
          10          11   1.4223194660872809     
          10          12   1.0266901034197555     
          12          13  0.97934818645829858     
           9          14   1.0255102647794414     
          13          14  0.98018558388851540     
           1          15  0.98759465869385421     
           1          16  0.98758491127069736     
           1          17  0.98688203308131639     
           2          18  0.97677531721891619     
           2          19  0.97697355808574537     
           3          20  0.96804517786338606     
           3          21  0.96739233663344315     
           5          22  0.96380370016221528     
           5          23  0.95540630682384586     
           7          24  0.96665717729285894     
           8          25  0.96717457067003543     
          11          26  0.96551247486455161     
          13          27  0.96132879829086149     
          13          28  0.96132392526204780     
