           1           2  0.99471714781494314     
           2           3  0.98567608075110169     
           3           4   1.9294135074708898     
           2           5  0.97585464336216532     
           5           6   1.4080150592364606     
           6           7   1.4477591117918149     
           5           8  0.10893716712792953     
           7           8   1.4364880929665707     
           6           9  0.11175367010933787     
           8           9   1.4409048874799839     
           5          10   1.4163499555984373     
           7          10  0.11080414491855431     
           9          10   1.4412094438386447     
           1          11  0.98729906625861719     
           1          12  0.98500660734520107     
           1          13  0.98342478705357528     
           2          14  0.93471513687330088     
           3          15  0.93114373835531550     
           6          16  0.96810273095963417     
           7          17  0.97077022856035566     
           8          18  0.97126270960957073     
           9          19  0.97078718859262980     
          10          20  0.96879637794914686     
