           1           2  0.98476852792393454     
           2           3   1.7549231605861764     
           2           4   1.1347146950856621     
           3           4  0.17310426414606628     
           4           5  0.93578346115077760     
           5           6   1.0055025297874036     
           6           7  0.99465607239692089     
           7           8   1.0084850551819233     
           7           9   1.0097694782519593     
           1          10  0.96436590110741005     
           1          11  0.98344656060693536     
           1          12  0.96595600979243557     
           5          13  0.96820034993785098     
           5          14  0.96746106180700764     
           6          15  0.97334544190511185     
           6          16  0.97493518311707184     
           7          17  0.96865428382281493     
           8          18  0.98605525772005376     
           8          19  0.98654766205387889     
           8          20  0.98675542287940843     
           9          21  0.98639777820420793     
           9          22  0.98521274152040350     
           9          23  0.98577093244219860     
