           1           2  0.95798059215480891     
           2           3   1.1229400994071537     
           2           4  0.16995280373687979     
           3           4   1.7593209714812732     
           3           5  0.97303707456093924     
           5           6   1.0055026184861533     
           6           7   1.0091881837371788     
           7           8   1.0058865395658541     
           8           9  0.98128138120687769     
           9          10   1.7685289758019256     
           9          11   1.1244278711034064     
          10          11  0.17047126789268852     
           1          12  0.97751855681419175     
           1          13  0.97737671831076356     
           1          14  0.98188018294804980     
           5          15  0.96259719565668944     
           5          16  0.94670015706650867     
           6          17  0.97436001481252343     
           6          18  0.97566677033483951     
           7          19  0.97570766533513265     
           7          20  0.97461181824446452     
           8          21  0.94395528076965340     
           8          22  0.95923161816923064     
          11          23  0.86725081636895562     
