           1           2  0.99408498493348563     
           2           3  0.98502512633751238     
           3           4   1.0074742564909629     
           4           5   1.0102729162988111     
           5           6   1.4040294906616884     
           6           7   1.4555236088715602     
           5           8  0.10626137024620619     
           7           8   1.4238851164636965     
           6           9  0.11074947098224815     
           8           9   1.4555884674178334     
           5          10   1.3973123341037221     
           7          10  0.10620133847727373     
           9          10   1.4036831580197853     
           2          11  0.98611306508212238     
          10          11   1.0102230289434504     
           1          12  0.89523811302153189     
           2          13  0.96431781358355795     
           3          14  0.97739029764131846     
           3          15  0.97707105301041064     
           4          16  0.95817736752093652     
           4          17  0.96764377366306797     
           6          18  0.96973586649497223     
           7          19  0.97123618500706055     
           8          20  0.97121727572528538     
           9          21  0.96961051366492113     
          11          22  0.95895651042101016     
          11          23  0.96693595299641122     
