           1           2   1.0194110746975376     
           2           3   1.0018741788338876     
           3           4  0.96775953518688407     
           4           5   1.0642142547368290     
           5           6   1.3437508748455900     
           6           7   1.4762557187004846     
           7           8   1.3908602933829513     
           8           9  0.99759125304879925     
           9          10  0.99840109374482955     
           6          11  0.10832875043918544     
           8          11   1.4231374168761410     
           5          12   1.3755845327647118     
           7          12  0.10224813326396023     
          11          12   1.4374403613674247     
           1          13  0.98745556770277787     
           1          14  0.98748091603420796     
           1          15  0.98662845924918263     
           2          16  0.97684118892740790     
           2          17  0.97677324595099668     
           3          18  0.96760935623495270     
           3          19  0.96768190121451703     
           6          20  0.96815732416168343     
           7          21  0.96856377725973708     
           9          22  0.95788914136719661     
           9          23  0.96566344523942194     
          10          24  0.90354264682492580     
          11          25  0.96755010634620653     
          12          26  0.96643036294362217     
