           1           2   1.8440501653846000     
           2           3   1.1013103227042680     
           3           4   1.7414138564852406     
           4           5   1.1256959064963634     
           5           6   1.3595570050706223     
           6           7   1.4622082916304004     
           7           8   1.4288540788732864     
           6           9  0.10233526991173343     
           8           9   1.4238292615549362     
           5          10   1.3568719422599773     
           7          10  0.10383749793898131     
           9          10   1.4676730376333422     
           2          11  0.92901521036501888     
           3          12  0.95744849552870503     
           4          13  0.95929985000642048     
           6          14  0.96825643524744875     
           7          15  0.97032703496526473     
           8          16  0.97109320289828138     
           9          17  0.97026959961251258     
          10          18  0.96551620978279029     
