           1           2  0.99420351182442002     
           2           3   1.0010837033978588     
           3           4   1.5863460648969965     
           4           5   1.2883973409176983     
           3           6  0.14630843949198016     
           5           6   1.6154535046335625     
           3           7   1.1129100221947508     
           6           7   1.1330043763194488     
           1           8  0.89882409178187439     
           2           9  0.95958257788594725     
           2          10  0.97052220653070276     
           4          11  0.97460903862423154     
           5          12  0.97471350465266737     
           6          13  0.96682099504071461     
