   -0.10360945
   -0.05338715
   -0.05843981
   -0.06450869
   -0.00653169
    0.21526899
   -0.33254339
   -0.05981388
   -0.10382326
   -0.05885000
   -0.09211217
    0.36354466
   -0.41473694
   -0.36919879
    0.03517013
    0.03550425
    0.03646355
    0.03016148
    0.03018364
    0.04015027
    0.03151344
    0.03519374
    0.04402913
    0.02523464
    0.04783481
    0.05156731
    0.03417177
    0.03665451
    0.03735578
    0.05334061
    0.05494900
    0.07158198
    0.07277488
    0.33490667
