           1           2   1.0192086600278563     
           2           3   1.0067940504321857     
           3           4   1.0071014054888787     
           4           5  0.96153202373680702     
           5           6  0.97467886324119113     
           6           7   1.9197718172056220     
           5           8  0.98566224238406952     
           8           9   1.0202153635841946     
           5          10  0.96070616426077438     
          10          11  0.99218738265467821     
          11          12  0.97358059000709007     
          12          13   1.7552872966613393     
          12          14   1.1462152291116310     
          13          14  0.17491936625867946     
           1          15  0.98782691331190198     
           1          16  0.98724763089480572     
           1          17  0.98776910640431814     
           2          18  0.97831737483782899     
           2          19  0.97826640047433644     
           3          20  0.97427263474263648     
           3          21  0.97427313140998539     
           4          22  0.97347543066610220     
           4          23  0.97092982428057295     
           6          24  0.92899048006680773     
           8          25  0.97181150010183470     
           8          26  0.97089527183409885     
           9          27  0.98540702686172765     
           9          28  0.98512296030982482     
           9          29  0.98633624670398568     
          10          30  0.97296672613025725     
          10          31  0.96886208766061976     
          11          32  0.95188018039214695     
          11          33  0.97062231583431369     
          14          34  0.86171079917069004     
