           1           2   1.8927263292896821     
           2           3   1.0975221813922456     
           3           4   1.3960630807853902     
           4           5   1.4199628096331303     
           5           6   1.4023113036399839     
           6           7   1.0659550964323115     
           7           8  0.98780639929883951     
           6           9   1.2518573927583747     
           9          10   1.0594507428842170     
          10          11  0.98868443562758701     
           3          12   1.3357840324141799     
           9          12   1.4345509299219099     
           1          13  0.97300809197791394     
           1          14  0.97857326471022665     
           2          15  0.96458624195916309     
           4          16  0.96877402562181014     
           5          17  0.96525825528507447     
           8          18  0.97589725955107087     
           8          19  0.97590463798041771     
           8          20  0.97933193947870767     
          11          21  0.97589006397314149     
          11          22  0.97924339448798314     
          11          23  0.97593881463014465     
          12          24  0.95928913064257171     
