           1           2  0.99468799375581896     
           2           3  0.99423212339918032     
           2           4  0.97418543967168347     
           2           5  0.95154099506950740     
           5           6   1.8802157875199557     
           5           7  0.95154097119017012     
           7           8  0.99468885162392717     
           7           9  0.97418708224409689     
           7          10  0.99423025355311978     
           1          11  0.98530561500863001     
           1          12  0.98626750922975925     
           1          13  0.98408600060473372     
           3          14  0.98463135123353218     
           3          15  0.97588909351999398     
           3          16  0.98256473899852692     
           4          17  0.98110451132814414     
           4          18  0.98612686521846271     
           4          19  0.98188662689334461     
           8          20  0.98408622370535404     
           8          21  0.98530569424714065     
           8          22  0.98626729912329048     
           9          23  0.98612713246167805     
           9          24  0.98188600448532648     
           9          25  0.98110470971930408     
          10          26  0.98463175209782972     
          10          27  0.98256484242486963     
          10          28  0.97588916147581628     
