   -0.10639469
   -0.05248788
   -0.09089807
    0.35558759
   -0.41023896
   -0.27251597
    0.07031651
   -0.00301603
   -0.10771617
    0.00218913
   -0.11290369
    0.26532243
   -0.44668667
   -0.08362245
   -0.04777371
   -0.10243627
    0.03637636
    0.03778289
    0.04142949
    0.04940404
    0.04546948
    0.06846118
    0.06274875
    0.06198743
    0.07831109
    0.07771856
    0.06452722
    0.04892033
    0.04835990
    0.04524228
    0.04755100
    0.04668088
    0.04399499
    0.04650281
    0.02738803
    0.05429431
    0.02666591
    0.03466298
    0.04879498
