           1           2   1.0200229621070411     
           2           3   1.0076101451254464     
           3           4  0.97227463745688769     
           4           5   1.7562318529621237     
           4           6   1.1256182375226880     
           5           6  0.17003531032237074     
           6           7  0.94144708739449556     
           7           8  0.98805930006816223     
           8           9  0.99130099433168284     
           9          10  0.99145616980249662     
          10          11   1.0061618124368754     
           9          12   1.2308961993166401     
           9          13  0.18751703231632980     
          12          13   1.6753349863978677     
          12          14  0.96878681861299953     
          14          15   1.0060722429340021     
          15          16   1.0210069530109978     
           1          17  0.98760798036177810     
           1          18  0.98748349274835512     
           1          19  0.98675993330360501     
           2          20  0.97678424641921757     
           2          21  0.97731093242486788     
           3          22  0.95258280643324988     
           3          23  0.95518370949922971     
           7          24  0.96608583701463613     
           7          25  0.96795314906963403     
           8          26  0.96165019808128893     
           8          27  0.96838848526919941     
          10          28  0.96846293043791609     
          10          29  0.97045084343484833     
          11          30  0.98483317439281315     
          11          31  0.98571300783671012     
          11          32  0.98469839734268272     
          14          33  0.95551645168638955     
          14          34  0.96345074921527807     
          15          35  0.97891905284603542     
          15          36  0.97524872828756093     
          16          37  0.98796840364726934     
          16          38  0.98741288368437607     
          16          39  0.98616572644709399     
