           1           2   1.0165307878859653     
           2           3  0.99866152616420534     
           3           4   1.8530448973982878     
           3           5  0.96141871947984892     
           5           6   1.0133007546483381     
           5           7  0.95832142590465275     
           7           8   1.0214588498557065     
           1           9  0.98563081664139396     
           1          10  0.98696388638486143     
           1          11  0.98705100543999125     
           2          12  0.96028022154484305     
           2          13  0.94033927267971007     
           5          14  0.93999912721020984     
           6          15  0.86295740890840689     
           7          16  0.97444138460922214     
           7          17  0.97640743991859902     
           8          18  0.98620453367045124     
           8          19  0.98638596445993088     
           8          20  0.98537089115584386     
