   -0.10272329
   -0.06367112
    0.11887629
   -0.11707757
   -0.29864291
    0.39766830
   -0.50620031
   -0.11507225
    0.00199943
   -0.06243233
   -0.05825859
   -0.06649778
    0.03847410
   -0.08203190
    0.08416267
   -0.46027098
    0.04279835
    0.03873589
    0.03843346
    0.04769943
    0.04206268
    0.05133984
    0.04704140
    0.06126327
    0.04529889
    0.04232150
    0.06573725
    0.04313291
    0.04009537
    0.04009982
    0.03726154
    0.04259181
    0.04125404
    0.06564757
    0.05050452
    0.04016330
    0.04143814
    0.01455318
    0.31222410
