           1           2   1.0196279430322979     
           2           3  0.99397068047578996     
           3           4   1.0028397274598062     
           3           5  0.92055407479789841     
           5           6   1.0809376234078918     
           5           7  0.12215260508727899     
           6           7   1.5589963860477916     
           6           8   1.2275303828694191     
           7           8  0.15773912720391634     
           8           9  0.98573068133787412     
           9          10   1.0012186411333064     
          10          11   1.0090035384496161     
          11          12   1.0094199255093241     
           8          13  0.97087311354045569     
          12          13  0.99054438762397712     
          13          14  0.98360407996311339     
          14          15  0.99254790305281448     
          15          16   1.0162552948785475     
           1          17  0.98712664062041056     
           1          18  0.98700580612171207     
           1          19  0.98752803721432669     
           2          20  0.97563921909357965     
           2          21  0.97537401083428288     
           3          22  0.95945585319122073     
           4          23  0.98596889294571610     
           4          24  0.98293534030000473     
           4          25  0.98429230326427608     
           9          26  0.96219059969459464     
           9          27  0.96675519063859505     
          10          28  0.97666889829582415     
          10          29  0.97565036081753731     
          11          30  0.97601961900954670     
          11          31  0.97646632498418051     
          12          32  0.97605264637031486     
          12          33  0.97439376674366474     
          13          34  0.95514758242735698     
          14          35  0.97189154377051201     
          14          36  0.97398167698837645     
          15          37  0.97194705045364627     
          15          38  0.96860178423890941     
          16          39  0.85608590012774533     
