           1           2   1.0181578038654029     
           2           3  0.99809078834017873     
           3           4  0.93135419901475802     
           4           5   1.1568338522813502     
           4           6  0.17871761164081726     
           5           6   1.7517324039436604     
           5           7  0.94079624750118929     
           7           8  0.94095627666294535     
           8           9   1.7528831543988068     
           8          10   1.1563194471142204     
           9          10  0.17855834168389545     
          10          11  0.93056858161130884     
          11          12   1.0128276738943280     
           1          13  0.98604307814479364     
           1          14  0.98739192159034372     
           1          15  0.98719098157250496     
           2          16  0.97720552333677257     
           2          17  0.97608954267856252     
           3          18  0.97033972355731191     
           3          19  0.96873174459592626     
           7          20  0.96237520675335420     
           7          21  0.96162296939588843     
          11          22  0.96953450467924962     
          11          23  0.97145181670482095     
          12          24  0.98593354419667811     
          12          25  0.98302646914595204     
          12          26  0.98464038745323934     
