           1           2   1.0303885641573292     
           2           3   1.6322464607716567     
           3           4   1.1960167872848535     
           4           5   1.3348058628997237     
           5           6   1.4899616602410841     
           6           7   1.3949017037576636     
           5           8  0.11038691499862070     
           7           8   1.4428469438053475     
           8           9   1.0234040890322607     
           4          10   1.2792739448337180     
           8          10   1.3390097104488712     
           2          11   1.0851210938716334     
          10          11   1.0734652347922629     
           1          12  0.98421172525064216     
           1          13  0.96851506251452335     
           1          14  0.96851491922299582     
           3          15  0.97354338125898487     
           5          16  0.96999046430800118     
           6          17  0.97118409011892293     
           7          18  0.97046485038513475     
           9          19  0.97283385348265550     
           9          20  0.97283382554872910     
           9          21  0.98584268024256716     
