           1           2  0.98717258914167116     
           2           3  0.99331926230653567     
           3           4   1.0085248025529838     
           4           5   1.0089219687550446     
           5           6   1.0078997829521690     
           2           7  0.96106986876911671     
           6           7  0.98478351248181817     
           7           8   1.0010052672672616     
           8           9   1.4059222717918376     
           9          10   1.4491808803077664     
           8          11  0.10916686170534498     
          10          11   1.4353820333754816     
           9          12  0.11138098612323602     
          11          12   1.4406923771874229     
           8          13   1.4118788944730389     
          10          13  0.11018162671051018     
          12          13   1.4428734069716995     
           1          14  0.89693858662805681     
           2          15  0.95822897561933162     
           3          16  0.97446714329473916     
           3          17  0.97496209863304095     
           4          18  0.97720393469311451     
           4          19  0.97739588393874022     
           5          20  0.97719620171874033     
           5          21  0.97644789423830158     
           6          22  0.97447736270140295     
           6          23  0.97717121126507744     
           7          24  0.96396776847491350     
           9          25  0.96669351295789907     
          10          26  0.97122937228454331     
          11          27  0.97152992738258470     
          12          28  0.97110408427891726     
          13          29  0.96843401781024152     
