   -0.10754635
   -0.06370608
    0.11485067
   -0.11305584
   -0.26563419
    0.37071957
   -0.43013064
   -0.08232660
   -0.08156434
    0.26923881
   -0.45347117
   -0.10225475
   -0.00106423
   -0.11486749
    0.00252024
   -0.11035610
    0.04261067
    0.04225405
    0.03894274
    0.04352695
    0.04934745
    0.04833970
    0.04589246
    0.05219664
    0.06080878
    0.07976327
    0.05978894
    0.04936724
    0.06576860
    0.04991432
    0.04536869
    0.04389880
    0.04480945
    0.05825328
    0.04061906
    0.07446598
    0.05102641
    0.04513120
    0.03655380
