           1           2   1.0188364907161882     
           2           3  0.99285523041108048     
           3           4   1.0028875454453570     
           3           5  0.91483624827947785     
           5           6   1.1593018178702750     
           5           7  0.17364877069851317     
           6           7   1.7334207196764180     
           6           8  0.96309588260437029     
           8           9   1.0052427287916685     
           9          10  0.96232212372265880     
          10          11   1.6645515748619015     
          10          12   1.2535755115550566     
          11          12  0.19102700622016316     
          12          13  0.99165477788351941     
          13          14   1.0055389381708308     
          12          15  0.98135564037478562     
          15          16   1.0095884243705189     
           1          17  0.98663566221374510     
           1          18  0.98608430605084130     
           1          19  0.98726826739897222     
           2          20  0.97613386538485414     
           2          21  0.97562989423459634     
           3          22  0.95971934314703877     
           4          23  0.98251885179328557     
           4          24  0.98509478617102264     
           4          25  0.98269161726794330     
           8          26  0.96682551063738076     
           8          27  0.95391946200219113     
           9          28  0.95902169735901821     
           9          29  0.96220650205338676     
          13          30  0.97044592457067758     
          13          31  0.96952263190510779     
          14          32  0.98497044447802862     
          14          33  0.98586845173107251     
          14          34  0.98238427218353808     
          15          35  0.97118968507709180     
          15          36  0.96555465645283589     
          16          37  0.98688988700204083     
          16          38  0.98465326207621340     
          16          39  0.98567187698024017     
