   -0.11465597
    0.05278948
   -0.11357170
   -0.11208885
    0.26906941
   -0.46095522
   -0.10010390
    0.15124633
   -0.45988633
   -0.06159130
   -0.05519528
   -0.05582009
   -0.05428047
   -0.06968505
    0.03733306
   -0.11354225
   -0.11348030
    0.03930379
    0.06976047
    0.03620743
    0.03882119
    0.06786638
    0.03936786
    0.03501518
    0.05198770
    0.03754342
    0.31502185
    0.02273962
    0.03650650
    0.05261670
    0.02458039
    0.02649949
    0.02649428
    0.04667657
    0.02376832
    0.01989152
    0.04226302
    0.04984351
    0.04536785
    0.04612594
    0.04611317
    0.04588075
    0.04607551
    0.04208005
