           1           2   1.0018159926132340     
           2           3   1.0023202817097205     
           2           4  0.95890369018340493     
           4           5   1.2695074605736334     
           4           6  0.18620489497879827     
           5           6   1.6319655410974647     
           5           7  0.97049301630530382     
           7           8  0.96470623487323270     
           8           9  0.99999434760481254     
           8          10  0.97979588384960370     
          10          11   1.0080033568021551     
          11          12   1.0094398794471107     
          12          13   1.0094433287473454     
           8          14  0.97415565475564947     
          13          14   1.0086503584173381     
           4          15  0.97785459627334903     
          15          16  0.99921950659862890     
          15          17  0.99900357046302424     
           1          18  0.98456039641778792     
           1          19  0.98023636595997465     
           1          20  0.98582742185609273     
           2          21  0.96028374829194396     
           3          22  0.98050434386316832     
           3          23  0.98463409799890034     
           3          24  0.98641463334166146     
           7          25  0.95422930419878360     
           7          26  0.96220786586712592     
           9          27  0.85540520165774048     
          10          28  0.97724370365352420     
          10          29  0.97578900095665433     
          11          30  0.97545444730572828     
          11          31  0.97742341846727709     
          12          32  0.97775354513061141     
          12          33  0.97734249642728643     
          13          34  0.97564899257176962     
          13          35  0.97750690024832698     
          14          36  0.97668051689493229     
          14          37  0.97298687843958431     
          15          38  0.95632399536309776     
          16          39  0.98535877569870034     
          16          40  0.98421473582360686     
          16          41  0.98180411920608224     
          17          42  0.98444233122042302     
          17          43  0.98251601799129218     
          17          44  0.98596189943278945     
