           1           2   1.0091167076889695     
           2           3   1.0101219038401046     
           2           4  0.98269067996640791     
           4           5  0.97563414136758086     
           5           6   1.0083334984453378     
           6           7  0.99866062443029435     
           7           8   1.0075422636774580     
           7           9  0.97723835432612582     
           4          10  0.97572242508220020     
           9          10  0.98750393314519236     
          10          11   1.8666076313552187     
           1          12  0.98609408349891281     
           1          13  0.98651290036960182     
           1          14  0.98463802505254583     
           2          15  0.96564037740186093     
           3          16  0.98448899616683383     
           3          17  0.98559242356862786     
           3          18  0.98632735823906381     
           4          19  0.94224791598788360     
           5          20  0.97508124864132140     
           5          21  0.97188845778113131     
           6          22  0.97563669875357895     
           6          23  0.97420048725090369     
           7          24  0.96865538353129077     
           8          25  0.98600166517838606     
           8          26  0.98550726897242669     
           8          27  0.98643984742194957     
           9          28  0.97387164405770821     
           9          29  0.95262754826644458     
